1 0 9 0
2 0 4 0
3 0 70 0
4 0 32 0
5 0 1 0
6 0 50 0
7 0 72 0
8 0 153 0
9 0 10 0
10 0 1 0
11 0 67 0
12 0 19 0
13 0 47 0
14 0 61 0
15 0 52 0
16 0 5 0
17 0 11 0
18 0 57 0
19 0 6 0
20 0 153 0
21 0 28 0
22 0 91 0
23 0 17 0
24 0 7 0
25 0 3 0
26 0 153 0
27 0 7 0
28 0 30 0
29 0 30 0
30 0 128 0
31 0 7 0
32 0 19 0
33 0 104 0
34 0 153 0
35 0 96 0
36 0 153 0
37 0 8 0
38 0 2 0
39 0 2 0
40 0 13 0
41 0 153 0
42 0 9 0
43 0 12 0
44 0 2 0
45 0 153 0
46 0 22 0
47 0 15 0
48 0 41 0
49 0 61 0
50 0 153 0
51 0 6 0
52 0 13 0
53 0 13 0
54 0 49 0
55 0 1 0
56 0 23 0
57 0 24 0
58 0 2 0
59 0 23 0
60 0 1 0
61 0 15 0
62 0 153 0
63 0 28 0
64 0 9 0
65 0 26 0
66 0 28 0
67 0 5 0
68 0 9 0
69 0 26 0
70 0 47 0
71 0 1 0
72 0 16 0
73 0 153 0
74 0 153 0
75 0 7 0
76 0 35 0
77 0 2 0
78 0 1 0
79 0 8 0
80 0 9 0
81 0 49 0
82 0 3 0
83 0 13 0
84 0 18 0
85 0 19 0
86 0 85 0
87 0 153 0
88 0 14 0
89 0 36 0
90 0 153 0
91 0 1 0
92 0 37 0
93 0 20 0
94 0 56 0
95 0 2 0
96 0 4 0
97 0 79 0
98 0 15 0
99 0 34 0
100 0 141 0
101 0 16 0
102 0 153 0
103 0 35 0
104 0 19 0
105 0 12 0
106 0 2 0
107 0 73 0
108 0 19 0
109 0 1 0
110 0 7 0
111 0 22 0
112 0 15 0
113 0 4 0
114 0 1 0
115 0 26 0
116 0 34 0
117 0 3 0
118 0 79 0
119 0 5 0
120 0 18 0
121 0 21 0
122 0 5 0
123 0 6 0
124 0 153 0
125 0 12 0
126 0 35 0
127 0 36 0
128 0 1 0
129 0 4 0
130 0 153 0
131 0 56 0
132 0 54 0
133 0 153 0
134 0 5 0
135 0 63 0
136 0 5 0
137 0 36 0
138 0 14 0
139 0 19 0
140 0 21 0
141 0 40 0
142 0 52 0
143 0 2 0
144 0 153 0
145 0 153 0
146 0 5 0
147 0 141 0
148 0 153 0
149 0 5 0
150 0 70 0
151 0 153 0
152 0 8 0
153 0 119 0
154 0 153 0
155 0 36 0
156 0 66 0
157 0 4 0
158 0 25 0
159 0 4 0
160 0 149 0
161 0 35 0
162 0 24 0
163 0 14 0
164 0 33 0
165 0 8 0
166 0 6 0
167 0 3 0
168 0 7 0
169 0 153 0
170 0 4 0
171 0 25 0
172 0 21 0
173 0 84 0
174 0 29 0
175 0 24 0
176 0 153 0
177 0 153 0
178 0 5 0
179 0 18 0
180 0 20 0
181 0 14 0
182 0 6 0
183 0 5 0
184 0 4 0
185 0 43 0
186 0 114 0
187 0 22 0
188 0 39 0
189 0 13 0
190 0 28 0
191 0 27 0
192 0 17 0
193 0 56 0
194 0 4 0
195 0 10 0
196 0 14 0
197 0 153 0
198 0 6 0
199 0 38 0
200 0 1 0
201 0 153 0
202 0 2 0
203 0 11 0
204 0 12 0
205 0 14 0
206 0 9 0
207 0 153 0
208 0 2 0
209 0 1 0
210 0 4 0
211 0 33 0
212 0 153 0
213 0 4 0
214 0 5 0
215 0 11 0
216 0 55 0
217 0 12 0
218 0 73 0
219 0 50 0
220 0 37 0
221 0 6 0
222 0 6 0
223 0 4 0
224 0 153 0
225 0 12 0
226 0 30 0
227 0 61 0
228 0 6 0
229 0 96 0
230 0 51 0
231 0 43 0
232 0 61 0
233 0 43 0
234 0 3 0
235 0 3 0
236 0 15 0
237 0 16 0
238 0 14 0
239 0 58 0
240 0 17 0
241 0 153 0
242 0 11 0
243 0 7 0
244 0 129 0
245 0 7 0
246 0 116 0
247 0 23 0
248 0 52 0
249 0 44 0
250 0 7 0
251 0 26 0
252 0 153 0
253 0 26 0
254 0 1 0
255 0 2 0
256 0 153 0
257 0 52 0
258 0 35 0
259 0 1 0
260 0 5 0
261 0 153 0
262 0 12 0
263 0 11 0
264 0 19 0
265 0 11 0
266 0 21 0
267 0 19 0
268 0 36 0
269 0 37 0
270 0 1 0
271 0 36 0
272 0 7 0
273 0 1 0
274 0 153 0
275 0 9 0
276 0 153 0
277 0 18 0
278 0 10 0
279 0 25 0
280 0 46 0
281 0 32 0
282 0 82 0
283 0 153 0
284 0 30 0
285 0 20 0
286 0 16 0
287 0 9 0
288 0 57 0
289 0 153 0
290 0 6 0
291 0 19 0
292 0 4 0
293 0 41 0
294 0 10 0
295 0 2 0
296 0 153 0
297 0 67 0
298 0 15 0
299 0 4 0
300 0 46 0
301 0 153 0
302 0 1 0
303 0 7 0
304 0 13 0
305 0 22 0
306 0 17 0
307 0 87 0
308 0 6 0
309 0 7 0
310 0 1 0
311 0 153 0
312 0 14 0
313 0 16 0
314 0 26 0
315 0 153 0
316 0 1 0
317 0 85 0
318 0 30 0
319 0 37 0
320 0 153 0
321 0 65 0
322 0 1 0
323 0 153 0
324 0 55 0
325 0 1 0
326 0 3 0
327 0 36 0
328 0 8 0
329 0 1 0
330 0 19 0
331 0 153 0
332 0 153 0
333 0 6 0
334 0 69 0
335 0 10 0
336 0 21 0
337 0 31 0
338 0 4 0
339 0 21 0
340 0 63 0
341 0 8 0
342 0 2 0
343 0 19 0
344 0 5 0
345 0 32 0
346 0 153 0
347 0 2 0
348 0 55 0
349 0 4 0
350 0 4 0
351 0 14 0
352 0 4 0
353 0 12 0
354 0 23 0
355 0 63 0
356 0 4 0
357 0 1 0
358 0 34 0
359 0 45 0
360 0 17 0
361 0 1 0
362 0 153 0
363 0 55 0
364 0 6 0
365 0 79 0
366 0 16 0
367 0 30 0
368 0 13 0
369 0 54 0
370 0 1 0
371 0 50 0
372 0 5 0
373 0 46 0
374 0 17 0
375 0 27 0
376 0 86 0
377 0 61 0
378 0 5 0
379 0 1 0
380 0 16 0
381 0 6 0
382 0 153 0
383 0 9 0
384 0 153 0
385 0 15 0
386 0 153 0
387 0 35 0
388 0 3 0
389 0 123 0
390 0 2 0
391 0 8 0
392 0 153 0
393 0 9 0
394 0 17 0
395 0 15 0
396 0 1 0
397 0 8 0
398 0 127 0
399 0 1 0
400 0 19 0
401 0 2 0
402 0 30 0
403 0 2 0
404 0 153 0
405 0 153 0
406 0 22 0
407 0 9 0
408 0 153 0
409 0 13 0
410 0 49 0
411 0 13 0
412 0 26 0
413 0 5 0
414 0 59 0
415 0 35 0
416 0 21 0
417 0 38 0
418 0 24 0
419 0 13 0
420 0 153 0
421 0 1 0
422 0 153 0
423 0 16 0
424 0 30 0
425 0 48 0
426 0 153 0
427 0 1 0
428 0 29 0
429 0 28 0
430 0 24 0
431 0 10 0
432 0 4 0
433 0 18 0
434 0 22 0
435 0 153 0
436 0 153 0
437 0 2 0
438 0 8 0
439 0 5 0
440 0 5 0
441 0 153 0
442 0 22 0
443 0 1 0
444 0 49 0
445 0 18 0
446 0 7 0
447 0 62 0
448 0 153 0
449 0 4 0
450 0 1 0
451 0 5 0
452 0 28 0
453 0 36 0
454 0 153 0
455 0 102 0
456 0 153 0
457 0 15 0
458 0 15 0
459 0 3 0
460 0 153 0
461 0 39 0
462 0 13 0
463 0 8 0
464 0 15 0
465 0 8 0
466 0 17 0
467 0 19 0
468 0 41 0
469 0 1 0
470 0 153 0
471 0 14 0
472 0 153 0
473 0 40 0
474 0 41 0
475 0 153 0
476 0 1 0
477 0 153 0
478 0 153 0
479 0 41 0
480 0 3 0
481 0 23 0
482 0 2 0
483 0 39 0
484 0 6 0
485 0 19 0
486 0 101 0
487 0 116 0
488 0 4 0
489 0 6 0
490 0 65 0
491 0 1 0
492 0 1 0
493 0 19 0
494 0 44 0
495 0 92 0
496 0 6 0
497 0 53 0
498 0 17 0
499 0 5 0
500 0 52 0
501 0 153 0
502 0 153 0
503 0 5 0
504 0 21 0
505 0 3 0
506 0 46 0
507 0 1 0
508 0 25 0
509 0 12 0
510 0 9 0
511 0 56 0
512 0 68 0
513 0 52 0
514 0 7 0
515 0 153 0
516 0 12 0
517 0 4 0
518 0 22 0
519 0 55 0
520 0 1 0
521 0 102 0
522 0 67 0
523 0 10 0
524 0 7 0
525 0 12 0
526 0 48 0
527 0 95 0
528 0 33 0
529 0 4 0
530 0 10 0
531 0 43 0
532 0 3 0
533 0 4 0
534 0 46 0
535 0 1 0
536 0 1 0
537 0 9 0
538 0 19 0
539 0 153 0
540 0 12 0
541 0 1 0
542 0 3 0
543 0 20 0
544 0 5 0
545 0 2 0
546 0 10 0
547 0 83 0
548 0 73 0
549 0 153 0
550 0 153 0
551 0 1 0
552 0 6 0
553 0 16 0
554 0 41 0
555 0 79 0
556 0 104 0
557 0 9 0
558 0 18 0
559 0 153 0
560 0 1 0
561 0 1 0
562 0 153 0
563 0 16 0
564 0 7 0
565 0 12 0
566 0 21 0
567 0 3 0
568 0 37 0
569 0 2 0
570 0 2 0
571 0 36 0
572 0 65 0
573 0 153 0
574 0 2 0
575 0 109 0
576 0 71 0
577 0 78 0
578 0 6 0
579 0 153 0
580 0 30 0
581 0 4 0
582 0 153 0
583 0 28 0
584 0 10 0
585 0 14 0
586 0 108 0
587 0 13 0
588 0 1 0
589 0 55 0
590 0 3 0
591 0 12 0
592 0 1 0
593 0 153 0
594 0 153 0
595 0 48 0
596 0 1 0
597 0 153 0
598 0 8 0
599 0 67 0
600 0 66 0
601 0 75 0
602 0 2 0
603 0 7 0
604 0 1 0
605 0 5 0
606 0 9 0
607 0 153 0
608 0 7 0
609 0 35 0
610 0 2 0
611 0 153 0
612 0 23 0
613 0 8 0
614 0 14 0
615 0 2 0
616 0 153 0
617 0 46 0
618 0 11 0
619 0 57 0
620 0 17 0
621 0 9 0
622 0 25 0
623 0 65 0
624 0 26 0
625 0 153 0
626 0 4 0
627 0 6 0
628 0 1 0
629 0 84 0
630 0 153 0
631 0 2 0
632 0 1 0
633 0 20 0
634 0 28 0
635 0 13 0
636 0 59 0
637 0 27 0
638 0 5 0
639 0 14 0
640 0 3 0
641 0 65 0
642 0 9 0
643 0 17 0
644 0 34 0
645 0 12 0
646 0 45 0
647 0 34 0
648 0 28 0
649 0 1 0
650 0 19 0
651 0 29 0
652 0 1 0
653 0 66 0
654 0 8 0
655 0 36 0
656 0 28 0
657 0 21 0
658 0 23 0
659 0 153 0
660 0 40 0
661 0 153 0
662 0 33 0
663 0 42 0
664 0 7 0
665 0 71 0
666 0 6 0
667 0 45 0
668 0 63 0
669 0 41 0
670 0 80 0
671 0 3 0
672 0 153 0
673 0 31 0
674 0 1 0
675 0 14 0
676 0 40 0
677 0 12 0
678 0 26 0
679 0 153 0
680 0 65 0
681 0 7 0
682 0 44 0
683 0 153 0
684 0 9 0
685 0 14 0
686 0 2 0
687 0 25 0
688 0 25 0
689 0 1 0
690 0 18 0
691 0 56 0
692 0 7 0
693 0 116 0
694 0 24 0
695 0 11 0
696 0 2 0
697 0 14 0
698 0 6 0
699 0 16 0
700 0 73 0
701 0 3 0
702 0 5 0
703 0 18 0
704 0 38 0
705 0 2 0
706 0 40 0
707 0 7 0
708 0 50 0
709 0 153 0
710 0 80 0
711 0 3 0
712 0 2 0
713 0 153 0
714 0 15 0
715 0 46 0
716 0 8 0
717 0 22 0
718 0 2 0
719 0 2 0
720 0 18 0
721 0 11 0
722 0 1 0
723 0 39 0
724 0 23 0
725 0 153 0
726 0 14 0
727 0 70 0
728 0 153 0
729 0 153 0
730 0 28 0
731 0 14 0
732 0 57 0
733 0 2 0
734 0 24 0
735 0 67 0
736 0 3 0
737 0 7 0
738 0 18 0
739 0 153 0
740 0 43 0
741 0 153 0
742 0 7 0
743 0 2 0
744 0 153 0
745 0 2 0
746 0 153 0
747 0 23 0
748 0 7 0
749 0 4 0
750 0 149 0
751 0 25 0
752 0 15 0
753 0 10 0
754 0 22 0
755 0 1 0
756 0 2 0
757 0 153 0
758 0 35 0
759 0 90 0
760 0 11 0
761 0 90 0
762 0 4 0
763 0 38 0
764 0 49 0
765 0 153 0
766 0 118 0
767 0 3 0
768 0 3 0
769 0 4 0
770 0 8 0
771 0 64 0
772 0 56 0
773 0 56 0
774 0 6 0
775 0 1 0
776 0 33 0
777 0 153 0
778 0 63 0
779 0 12 0
780 0 37 0
781 0 3 0
782 0 12 0
783 0 1 0
784 0 3 0
785 0 11 0
786 0 2 0
787 0 14 0
788 0 74 0
789 0 153 0
790 0 13 0
791 0 21 0
792 0 6 0
793 0 14 0
794 0 7 0
795 0 55 0
796 0 135 0
797 0 75 0
798 0 4 0
799 0 1 0
800 0 1 0
801 0 153 0
802 0 1 0
803 0 69 0
804 0 39 0
805 0 42 0
806 0 153 0
807 0 15 0
808 0 5 0
809 0 89 0
810 0 10 0
811 0 78 0
812 0 3 0
813 0 16 0
814 0 2 0
815 0 4 0
816 0 142 0
817 0 153 0
818 0 2 0
819 0 5 0
820 0 22 0
821 0 30 0
822 0 14 0
823 0 8 0
824 0 40 0
825 0 17 0
826 0 7 0
827 0 4 0
828 0 62 0
829 0 8 0
830 0 23 0
831 0 23 0
832 0 2 0
833 0 46 0
834 0 9 0
835 0 38 0
836 0 18 0
837 0 12 0
838 0 20 0
839 0 1 0
840 0 4 0
841 0 8 0
842 0 15 0
843 0 34 0
844 0 53 0
845 0 12 0
846 0 10 0
847 0 26 0
848 0 5 0
849 0 23 0
850 0 27 0
851 0 63 0
852 0 19 0
853 0 153 0
854 0 4 0
855 0 1 0
856 0 10 0
857 0 12 0
858 0 87 0
859 0 1 0
860 0 96 0
861 0 21 0
862 0 3 0
863 0 153 0
864 0 1 0
865 0 153 0
866 0 2 0
867 0 6 0
868 0 153 0
869 0 19 0
870 0 28 0
871 0 76 0
872 0 143 0
873 0 2 0
874 0 2 0
875 1 153 0
876 1 27 0
877 1 3 0
878 1 3 0
879 1 25 0
880 1 90 0
881 1 81 0
882 1 11 0
883 1 8 0
884 1 34 0
885 1 31 0
886 1 9 0
887 1 13 0
888 1 7 0
889 1 39 0
890 1 153 0
891 1 18 0
892 1 31 0
893 1 19 0
894 1 19 0
895 1 2 0
896 1 84 0
897 1 47 0
898 1 2 0
899 1 88 0
900 1 2 0
901 1 3 0
902 1 2 0
903 1 13 0
904 1 24 0
905 1 36 0
906 1 13 0
907 1 153 0
908 1 10 0
909 1 3 0
910 1 21 0
911 1 34 0
912 1 4 0
913 1 28 0
914 1 21 0
915 1 42 0
916 1 129 0
917 1 75 0
918 1 53 0
919 1 26 0
920 1 59 0
921 1 8 0
922 1 12 0
923 1 153 0
924 1 140 0
925 1 66 0
926 1 10 0
927 1 4 0
928 1 4 0
929 1 2 0
930 1 7 0
931 1 153 0
932 1 6 0
933 1 68 0
934 1 19 0
935 1 58 0
936 1 5 0
937 1 8 0
938 1 59 0
939 1 40 0
940 1 2 0
941 1 9 0
942 1 42 0
943 1 32 0
944 1 27 0
945 1 9 0
946 1 3 0
947 1 60 0
948 1 57 0
949 1 14 0
950 1 30 0
951 1 99 0
952 1 22 0
953 1 26 0
954 1 9 0
955 1 15 0
956 1 29 0
957 1 23 0
958 1 52 0
959 1 17 0
960 1 153 0
961 1 23 0
962 1 34 0
963 1 4 0
964 1 5 0
965 1 31 0
966 1 49 0
967 1 6 0
968 1 8 0
969 1 38 0
970 1 5 0
971 1 35 0
972 1 9 0
973 1 16 0
974 1 55 0
975 1 2 0
976 1 153 0
977 1 19 0
978 1 37 0
979 1 8 0
980 1 3 0
981 1 10 0
982 1 2 0
983 1 5 0
984 1 2 0
985 1 3 0
986 1 8 0
987 1 153 0
988 1 39 0
989 1 5 0
990 1 27 0
991 1 4 0
992 1 35 0
993 1 2 0
994 1 11 0
995 1 2 0
996 1 15 0
997 1 52 0
998 1 14 0
999 1 2 0
1000 1 15 0
1001 1 4 0
1002 1 24 0
1003 1 26 0
1004 1 5 0
1005 1 31 0
1006 1 9 0
1007 1 12 0
1008 1 6 0
1009 1 84 0
1010 1 153 0
1011 1 37 0
1012 1 38 0
1013 1 33 0
1014 1 2 0
1015 1 2 0
1016 1 4 0
1017 1 16 0
1018 1 2 0
1019 1 95 0
1020 1 17 0
1021 1 16 0
1022 1 5 0
1023 1 2 0
1024 1 10 0
1025 1 5 0
1026 1 4 0
1027 1 73 0
1028 1 6 0
1029 1 20 0
1030 2 22 0
1031 2 5 0
1032 2 7 0
1033 2 5 0
1034 2 27 0
1035 2 3 0
1036 2 3 0
1037 2 3 0
1038 2 153 0
1039 2 28 0
1040 2 3 0
1041 2 14 0
1042 2 40 0
1043 2 37 0
1044 2 4 0
1045 2 3 0
1046 2 10 0
1047 2 3 0
1048 2 3 0
1049 2 47 0
1050 2 8 0
1051 2 13 0
1052 2 6 0
1053 2 30 0
1054 2 153 0
1055 2 40 0
1056 2 6 0
1057 2 14 0
1058 2 10 0
1059 2 6 0
1060 2 16 0
1061 2 3 0
1062 2 5 0
1063 2 3 0
1064 2 10 0
1065 2 4 0
1066 2 6 0
1067 2 4 0
1068 2 5 0
1069 2 153 0
1070 2 4 0
1071 2 6 0
1072 2 4 0
1073 2 3 0
1074 2 43 0
1075 2 34 0
1076 2 53 0
1077 2 12 0
1078 2 12 0
1079 2 6 0
1080 2 14 0
1081 2 17 0
1082 2 4 0
1083 2 4 0
1084 2 4 0
1085 2 7 0
1086 2 4 0
1087 2 13 0
1088 3 13 0
1089 3 22 0
1090 3 23 0
1091 3 4 0
1092 3 16 0
1093 3 29 0
1094 3 4 0
1095 3 4 0
1096 3 4 0
1097 3 8 0
1098 3 6 0
1099 3 20 0
1100 3 14 0
1101 3 5 0
1102 3 153 0
1103 3 24 0
1104 3 18 0
1105 3 19 0
1106 3 8 0
1107 3 8 0
1108 3 4 0
1109 3 5 0
1110 3 14 0
1111 3 6 0
1112 3 8 0
1113 3 71 0
1114 3 5 0
1115 3 7 0
1116 3 26 0
1117 3 21 0
1118 3 9 0
1119 3 5 0
1120 3 4 0
1121 3 91 0
1122 3 4 0
1123 3 58 0
1124 3 37 0
1125 3 35 0
1126 3 5 0
1127 3 7 0
1128 3 4 0
1129 3 7 0
1130 3 5 0
1131 3 148 0
1132 3 4 0
1133 3 5 0
1134 3 5 0
1135 3 5 0
1136 3 4 0
1137 3 13 0
1138 3 40 0
1139 3 12 0
1140 3 5 0
1141 3 9 0
1142 3 5 0
1143 3 4 0
1144 3 7 0
1145 3 5 0
1146 3 6 0
1147 3 5 0
1148 4 9 0
1149 4 32 0
1150 4 6 0
1151 4 5 0
1152 4 9 0
1153 4 10 0
1154 4 56 0
1155 4 27 0
1156 4 47 0
1157 4 5 0
1158 4 10 0
1159 4 31 0
1160 4 10 0
1161 4 6 0
1162 4 33 0
1163 4 20 0
1164 4 8 0
1165 4 6 0
1166 4 23 0
1167 4 11 0
1168 4 40 0
1169 4 8 0
1170 4 45 0
1171 4 39 0
1172 4 13 0
1173 4 25 0
1174 4 24 0
1175 4 9 0
1176 4 5 0
1177 4 17 0
1178 4 12 0
1179 4 13 0
1180 4 6 0
1181 4 6 0
1182 4 5 0
1183 4 21 0
1184 4 5 0
1185 4 40 0
1186 4 7 0
1187 4 8 0
1188 4 6 0
1189 4 5 0
1190 4 16 0
1191 4 14 0
1192 4 9 0
1193 4 5 0
1194 4 14 0
1195 4 9 0
1196 4 5 0
1197 4 27 0
1198 4 48 0
1199 4 7 0
1200 5 14 0
1201 5 6 0
1202 5 13 0
1203 5 7 0
1204 5 19 0
1205 5 11 0
1206 5 6 0
1207 5 8 0
1208 5 6 0
1209 5 6 0
1210 5 6 0
1211 5 17 0
1212 5 77 0
1213 5 9 0
1214 5 10 0
1215 5 6 0
1216 5 6 0
1217 5 6 0
1218 5 7 0
1219 5 7 0
1220 5 153 0
1221 5 7 0
1222 5 14 0
1223 5 19 0
1224 5 6 0
1225 5 33 0
1226 5 68 0
1227 5 13 0
1228 5 8 0
1229 5 77 0
1230 5 6 0
1231 5 10 0
1232 5 6 0
1233 5 6 0
1234 5 6 0
1235 5 55 0
1236 5 24 0
1237 5 12 0
1238 5 6 0
1239 5 9 0
1240 5 7 0
1241 5 19 0
1242 5 8 0
1243 5 6 0
1244 5 8 0
1245 5 74 0
1246 5 153 0
1247 5 15 0
1248 5 7 0
1249 5 8 0
1250 5 8 0
1251 5 10 0
1252 5 34 0
1253 6 34 0
1254 6 24 0
1255 6 7 0
1256 6 10 0
1257 6 22 0
1258 6 16 0
1259 6 16 0
1260 6 34 0
1261 6 12 0
1262 6 9 0
1263 6 7 0
1264 6 23 0
1265 6 7 0
1266 6 16 0
1267 6 21 0
1268 6 9 0
1269 6 16 0
1270 6 18 0
1271 6 7 0
1272 6 22 0
1273 6 41 0
1274 6 41 0
1275 6 8 0
1276 6 8 0
1277 6 7 0
1278 6 11 0
1279 6 7 0
1280 6 10 0
1281 6 83 0
1282 6 7 0
1283 6 61 0
1284 6 10 0
1285 6 7 0
1286 6 16 0
1287 6 10 0
1288 6 7 0
1289 6 10 0
1290 6 13 0
1291 6 17 0
1292 6 7 0
1293 6 8 0
1294 6 26 0
1295 6 10 0
1296 6 10 0
1297 6 21 0
1298 6 14 0
1299 6 11 0
1300 6 11 0
1301 6 7 0
1302 6 9 0
1303 6 7 0
1304 6 8 0
1305 6 7 0
1306 6 80 0
1307 6 11 0
1308 6 74 0
1309 6 41 0
1310 6 12 0
1311 6 10 0
1312 6 20 0
1313 6 10 0
1314 6 11 0
1315 6 9 0
1316 6 8 0
1317 6 13 0
1318 6 14 0
1319 6 25 0
1320 7 21 0
1321 7 15 0
1322 7 14 0
1323 7 9 0
1324 7 16 0
1325 7 74 0
1326 7 85 0
1327 7 11 0
1328 7 37 0
1329 7 10 0
1330 7 81 0
1331 7 10 0
1332 7 10 0
1333 7 10 0
1334 7 10 0
1335 7 24 0
1336 7 11 0
1337 7 34 0
1338 7 16 0
1339 7 8 0
1340 7 9 0
1341 7 41 0
1342 7 18 0
1343 7 14 0
1344 7 9 0
1345 7 30 0
1346 7 8 0
1347 7 8 0
1348 7 153 0
1349 7 8 0
1350 7 9 0
1351 7 85 0
1352 7 19 0
1353 7 8 0
1354 7 11 0
1355 7 8 0
1356 7 10 0
1357 7 28 0
1358 7 10 0
1359 7 8 0
1360 7 12 0
1361 7 9 0
1362 7 69 0
1363 7 9 0
1364 7 8 0
1365 7 9 0
1366 7 8 0
1367 7 25 0
1368 7 44 0
1369 7 11 0
1370 7 9 0
1371 7 23 0
1372 7 43 0
1373 7 12 0
1374 7 153 0
1375 7 153 0
1376 7 15 0
1377 7 26 0
1378 7 8 0
1379 7 90 0
1380 7 21 0
1381 8 11 0
1382 8 16 0
1383 8 16 0
1384 8 13 0
1385 8 12 0
1386 8 55 0
1387 8 10 0
1388 8 9 0
1389 8 9 0
1390 8 27 0
1391 8 11 0
1392 8 153 0
1393 8 15 0
1394 8 13 0
1395 8 13 0
1396 8 11 0
1397 8 13 0
1398 8 34 0
1399 8 12 0
1400 8 16 0
1401 8 14 0
1402 8 16 0
1403 8 10 0
1404 8 13 0
1405 8 93 0
1406 8 11 0
1407 8 10 0
1408 8 13 0
1409 8 12 0
1410 8 9 0
1411 8 9 0
1412 8 12 0
1413 8 28 0
1414 8 10 0
1415 8 9 0
1416 8 14 0
1417 8 10 0
1418 8 11 0
1419 8 9 0
1420 8 9 0
1421 8 16 0
1422 8 12 0
1423 8 13 0
1424 8 9 0
1425 8 31 0
1426 8 13 0
1427 8 13 0
1428 8 20 0
1429 8 9 0
1430 8 14 0
1431 8 29 0
1432 8 10 0
1433 8 9 0
1434 8 10 0
1435 8 19 0
1436 8 11 0
1437 8 153 0
1438 8 55 0
1439 8 153 0
1440 8 10 0
1441 8 12 0
1442 8 9 0
1443 8 50 0
1444 9 10 0
1445 9 19 0
1446 9 11 0
1447 9 12 0
1448 9 41 0
1449 9 17 0
1450 9 20 0
1451 9 10 0
1452 9 23 0
1453 9 11 0
1454 9 11 0
1455 9 22 0
1456 9 18 0
1457 9 26 0
1458 9 12 0
1459 9 61 0
1460 9 11 0
1461 9 14 0
1462 9 13 0
1463 9 12 0
1464 9 11 0
1465 9 23 0
1466 9 17 0
1467 9 10 0
1468 9 13 0
1469 9 10 0
1470 9 19 0
1471 9 10 0
1472 9 12 0
1473 9 12 0
1474 9 13 0
1475 9 29 0
1476 9 10 0
1477 9 16 0
1478 9 17 0
1479 9 10 0
1480 9 10 0
1481 9 26 0
1482 9 10 0
1483 9 11 0
1484 9 16 0
1485 9 14 0
1486 9 11 0
1487 9 10 0
1488 9 10 0
1489 9 20 0
1490 9 11 0
1491 9 48 0
1492 9 12 0
1493 9 13 0
1494 9 104 0
1495 9 14 0
1496 9 10 0
1497 9 25 0
1498 9 28 0
1499 9 10 0
1500 9 15 0
1501 9 16 0
1502 9 10 0
1503 10 16 0
1504 10 15 0
1505 10 44 0
1506 10 11 0
1507 10 12 0
1508 10 17 0
1509 10 39 0
1510 10 12 0
1511 10 13 0
1512 10 15 0
1513 10 153 0
1514 10 15 0
1515 10 12 0
1516 10 48 0
1517 10 30 0
1518 10 11 0
1519 10 45 0
1520 10 11 0
1521 10 16 0
1522 10 12 0
1523 10 11 0
1524 10 11 0
1525 10 11 0
1526 10 12 0
1527 10 104 0
1528 10 11 0
1529 10 16 0
1530 10 24 0
1531 10 17 0
1532 10 13 0
1533 10 19 0
1534 10 15 0
1535 10 12 0
1536 10 11 0
1537 10 18 0
1538 10 11 0
1539 10 153 0
1540 10 36 0
1541 10 14 0
1542 10 14 0
1543 10 25 0
1544 10 19 0
1545 10 19 0
1546 10 27 0
1547 10 21 0
1548 10 13 0
1549 10 15 0
1550 11 29 0
1551 11 15 0
1552 11 29 0
1553 11 31 0
1554 11 13 0
1555 11 25 0
1556 11 15 0
1557 11 14 0
1558 11 27 0
1559 11 32 0
1560 11 12 0
1561 11 13 0
1562 11 153 0
1563 11 24 0
1564 11 67 0
1565 11 12 0
1566 11 12 0
1567 11 14 0
1568 11 14 0
1569 11 16 0
1570 11 14 0
1571 11 16 0
1572 11 55 0
1573 11 73 0
1574 11 12 0
1575 11 12 0
1576 11 65 0
1577 11 34 0
1578 11 13 0
1579 11 12 0
1580 11 12 0
1581 11 75 0
1582 11 20 0
1583 11 19 0
1584 11 12 0
1585 11 14 0
1586 11 12 0
1587 11 12 0
1588 11 19 0
1589 11 14 0
1590 11 32 0
1591 11 12 0
1592 11 12 0
1593 11 24 0
1594 11 18 0
1595 11 14 0
1596 11 16 0
1597 11 14 0
1598 12 13 0
1599 12 15 0
1600 12 17 0
1601 12 27 0
1602 12 15 0
1603 12 24 0
1604 12 13 0
1605 12 35 0
1606 12 38 0
1607 12 13 0
1608 12 16 0
1609 12 13 0
1610 12 13 0
1611 12 18 0
1612 12 100 0
1613 12 110 0
1614 12 27 0
1615 12 19 0
1616 12 31 0
1617 12 26 0
1618 12 13 0
1619 12 14 0
1620 12 13 0
1621 12 31 0
1622 12 49 0
1623 12 19 0
1624 12 19 0
1625 12 13 0
1626 12 13 0
1627 12 13 0
1628 12 14 0
1629 12 14 0
1630 12 16 0
1631 12 14 0
1632 12 20 0
1633 12 15 0
1634 12 29 0
1635 12 13 0
1636 12 14 0
1637 12 13 0
1638 12 17 0
1639 12 25 0
1640 12 18 0
1641 12 20 0
1642 12 24 0
1643 12 24 0
1644 12 65 0
1645 12 13 0
1646 12 16 0
1647 12 74 0
1648 12 52 0
1649 12 13 0
1650 12 21 0
1651 12 13 0
1652 12 14 0
1653 12 15 0
1654 12 31 0
1655 12 17 0
1656 12 49 0
1657 12 27 0
1658 12 33 0
1659 12 13 0
1660 12 17 0
1661 12 14 0
1662 12 48 0
1663 12 17 0
1664 12 16 0
1665 12 153 0
1666 13 14 0
1667 13 16 0
1668 13 14 0
1669 13 26 0
1670 13 22 0
1671 13 15 0
1672 13 127 0
1673 13 22 0
1674 13 15 0
1675 13 15 0
1676 13 14 0
1677 13 23 0
1678 13 33 0
1679 13 16 0
1680 13 20 0
1681 13 24 0
1682 13 14 0
1683 13 35 0
1684 13 16 0
1685 13 34 0
1686 13 52 0
1687 13 34 0
1688 13 14 0
1689 13 28 0
1690 13 37 0
1691 13 24 0
1692 13 14 0
1693 13 19 0
1694 13 51 0
1695 13 59 0
1696 13 104 0
1697 13 33 0
1698 13 15 0
1699 13 18 0
1700 13 27 0
1701 13 17 0
1702 13 14 0
1703 13 17 0
1704 13 14 0
1705 13 19 0
1706 13 17 0
1707 13 20 0
1708 13 16 0
1709 13 14 0
1710 13 27 0
1711 13 17 0
1712 13 45 0
1713 13 25 0
1714 13 19 0
1715 13 22 0
1716 13 18 0
1717 14 30 0
1718 14 83 0
1719 14 17 0
1720 14 15 0
1721 14 16 0
1722 14 17 0
1723 14 15 0
1724 14 19 0
1725 14 53 0
1726 14 16 0
1727 14 15 0
1728 14 17 0
1729 14 15 0
1730 14 31 0
1731 14 17 0
1732 14 19 0
1733 14 15 0
1734 14 153 0
1735 14 16 0
1736 14 28 0
1737 14 15 0
1738 14 24 0
1739 14 19 0
1740 14 16 0
1741 14 17 0
1742 14 49 0
1743 14 23 0
1744 14 15 0
1745 14 153 0
1746 14 19 0
1747 14 16 0
1748 14 47 0
1749 14 84 0
1750 14 16 0
1751 14 72 0
1752 14 18 0
1753 14 24 0
1754 14 34 0
1755 14 15 0
1756 14 15 0
1757 14 153 0
1758 14 17 0
1759 14 21 0
1760 14 16 0
1761 14 25 0
1762 14 20 0
1763 14 15 0
1764 14 25 0
1765 14 17 0
1766 14 135 0
1767 14 21 0
1768 14 30 0
1769 14 28 0
1770 14 27 0
1771 14 56 0
1772 14 15 0
1773 14 16 0
1774 14 19 0
1775 15 38 0
1776 15 16 0
1777 15 18 0
1778 15 16 0
1779 15 16 0
1780 15 33 0
1781 15 16 0
1782 15 16 0
1783 15 27 0
1784 15 22 0
1785 15 16 0
1786 15 92 0
1787 15 24 0
1788 15 30 0
1789 15 19 0
1790 15 18 0
1791 15 18 0
1792 15 35 0
1793 15 26 0
1794 15 50 0
1795 15 23 0
1796 15 28 0
1797 15 30 0
1798 15 18 0
1799 15 40 0
1800 15 25 0
1801 15 16 0
1802 15 23 0
1803 15 43 0
1804 15 26 0
1805 15 16 0
1806 15 16 0
1807 15 20 0
1808 15 16 0
1809 15 23 0
1810 15 17 0
1811 15 50 0
1812 15 16 0
1813 15 17 0
1814 15 28 0
1815 15 16 0
1816 15 16 0
1817 15 28 0
1818 15 16 0
1819 15 17 0
1820 15 17 0
1821 15 30 0
1822 15 21 0
1823 15 24 0
1824 15 19 0
1825 15 17 0
1826 15 31 0
1827 15 18 0
1828 15 21 0
1829 15 128 0
1830 15 153 0
1831 15 29 0
1832 15 18 0
1833 16 21 0
1834 16 153 0
1835 16 17 0
1836 16 20 0
1837 16 17 0
1838 16 19 0
1839 16 28 0
1840 16 18 0
1841 16 17 0
1842 16 19 0
1843 16 17 0
1844 16 17 0
1845 16 19 0
1846 16 17 0
1847 16 37 0
1848 16 42 0
1849 16 24 0
1850 16 17 0
1851 16 19 0
1852 16 28 0
1853 16 17 0
1854 16 21 0
1855 16 17 0
1856 16 17 0
1857 16 33 0
1858 16 24 0
1859 16 24 0
1860 16 31 0
1861 16 19 0
1862 16 17 0
1863 16 69 0
1864 16 17 0
1865 16 17 0
1866 16 31 0
1867 16 25 0
1868 16 153 0
1869 16 27 0
1870 16 25 0
1871 16 19 0
1872 16 31 0
1873 16 33 0
1874 16 17 0
1875 16 17 0
1876 16 18 0
1877 16 39 0
1878 16 41 0
1879 16 18 0
1880 16 18 0
1881 16 18 0
1882 16 18 0
1883 16 24 0
1884 16 18 0
1885 16 18 0
1886 16 32 0
1887 16 32 0
1888 16 17 0
1889 16 32 0
1890 16 27 0
1891 16 62 0
1892 16 18 0
1893 16 19 0
1894 16 21 0
1895 16 153 0
1896 16 34 0
1897 17 26 0
1898 17 18 0
1899 17 18 0
1900 17 22 0
1901 17 21 0
1902 17 18 0
1903 17 21 0
1904 17 18 0
1905 17 20 0
1906 17 20 0
1907 17 153 0
1908 17 23 0
1909 17 56 0
1910 17 20 0
1911 17 18 0
1912 17 21 0
1913 17 29 0
1914 17 20 0
1915 17 22 0
1916 17 25 0
1917 17 48 0
1918 17 18 0
1919 17 92 0
1920 17 18 0
1921 17 26 0
1922 17 18 0
1923 17 24 0
1924 17 38 0
1925 17 35 0
1926 17 31 0
1927 17 22 0
1928 17 18 0
1929 17 22 0
1930 17 18 0
1931 17 26 0
1932 17 19 0
1933 17 25 0
1934 17 20 0
1935 17 22 0
1936 18 23 0
1937 18 40 0
1938 18 19 0
1939 18 26 0
1940 18 19 0
1941 18 42 0
1942 18 21 0
1943 18 19 0
1944 18 69 0
1945 18 19 0
1946 18 28 0
1947 18 19 0
1948 18 67 0
1949 18 146 0
1950 18 21 0
1951 18 21 0
1952 18 21 0
1953 18 20 0
1954 18 23 0
1955 18 19 0
1956 18 20 0
1957 18 19 0
1958 18 19 0
1959 18 19 0
1960 18 35 0
1961 18 22 0
1962 18 21 0
1963 18 19 0
1964 18 19 0
1965 18 39 0
1966 18 26 0
1967 18 22 0
1968 18 65 0
1969 18 21 0
1970 18 25 0
1971 18 32 0
1972 18 23 0
1973 18 31 0
1974 18 21 0
1975 18 19 0
1976 18 27 0
1977 18 21 0
1978 18 19 0
1979 18 38 0
1980 18 20 0
1981 18 44 0
1982 18 19 0
1983 18 21 0
1984 18 65 0
1985 18 23 0
1986 18 39 0
1987 18 20 0
1988 18 19 0
1989 18 19 0
1990 18 26 0
1991 18 64 0
1992 18 25 0
1993 19 25 0
1994 19 20 0
1995 19 125 0
1996 19 21 0
1997 19 20 0
1998 19 26 0
1999 19 52 0
2000 19 22 0
2001 19 22 0
2002 19 30 0
2003 19 22 0
2004 19 54 0
2005 19 28 0
2006 19 25 0
2007 19 23 0
2008 19 28 0
2009 19 23 0
2010 19 20 0
2011 19 36 0
2012 19 21 0
2013 19 35 0
2014 19 32 0
2015 19 21 0
2016 19 23 0
2017 19 27 0
2018 19 21 0
2019 19 23 0
2020 19 20 0
2021 19 29 0
2022 19 20 0
2023 19 20 0
2024 19 20 0
2025 19 20 0
2026 19 62 0
2027 19 22 0
2028 19 22 0
2029 19 20 0
2030 19 57 0
2031 19 20 0
2032 19 22 0
2033 19 20 0
2034 19 29 0
2035 19 28 0
2036 19 20 0
2037 19 40 0
2038 19 26 0
2039 19 20 0
2040 19 21 0
2041 19 25 0
2042 19 27 0
2043 19 35 0
2044 19 67 0
2045 19 22 0
2046 19 62 0
2047 19 21 0
2048 19 99 0
2049 19 26 0
2050 19 20 0
2051 19 20 0
2052 19 56 0
2053 19 20 0
2054 19 21 0
2055 19 21 0
2056 19 23 0
2057 19 20 0
2058 19 25 0
2059 19 24 0
2060 19 60 0
2061 19 38 0
2062 19 33 0
2063 20 153 0
2064 20 35 0
2065 20 21 0
2066 20 40 0
2067 20 28 0
2068 20 23 0
2069 20 52 0
2070 20 23 0
2071 20 43 0
2072 20 25 0
2073 20 21 0
2074 20 56 0
2075 20 23 0
2076 20 23 0
2077 20 24 0
2078 20 21 0
2079 20 27 0
2080 20 22 0
2081 20 41 0
2082 20 29 0
2083 20 110 0
2084 20 24 0
2085 20 24 0
2086 20 21 0
2087 20 41 0
2088 20 25 0
2089 20 33 0
2090 20 22 0
2091 20 25 0
2092 20 28 0
2093 20 21 0
2094 20 22 0
2095 20 46 0
2096 20 22 0
2097 20 21 0
2098 20 35 0
2099 20 23 0
2100 20 21 0
2101 20 23 0
2102 20 21 0
2103 20 27 0
2104 20 21 0
2105 20 26 0
2106 20 22 0
2107 20 21 0
2108 20 21 0
2109 20 22 0
2110 20 26 0
2111 20 22 0
2112 20 30 0
2113 21 22 0
2114 21 23 0
2115 21 23 0
2116 21 22 0
2117 21 23 0
2118 21 40 0
2119 21 44 0
2120 21 22 0
2121 21 22 0
2122 21 35 0
2123 21 23 0
2124 21 43 0
2125 21 55 0
2126 21 26 0
2127 21 23 0
2128 21 23 0
2129 21 32 0
2130 21 28 0
2131 21 26 0
2132 21 47 0
2133 21 25 0
2134 21 33 0
2135 21 22 0
2136 21 25 0
2137 21 28 0
2138 21 32 0
2139 21 27 0
2140 21 22 0
2141 21 41 0
2142 21 22 0
2143 21 27 0
2144 21 22 0
2145 21 22 0
2146 21 22 0
2147 21 27 0
2148 21 22 0
2149 21 31 0
2150 21 22 0
2151 21 24 0
2152 21 24 0
2153 21 22 0
2154 21 64 0
2155 21 27 0
2156 21 45 0
2157 21 66 0
2158 21 22 0
2159 21 37 0
2160 21 46 0
2161 21 25 0
2162 21 27 0
2163 21 23 0
2164 21 29 0
2165 21 28 0
2166 21 23 0
2167 21 37 0
2168 22 23 0
2169 22 24 0
2170 22 56 0
2171 22 23 0
2172 22 23 0
2173 22 31 0
2174 22 153 0
2175 22 37 0
2176 22 31 0
2177 22 28 0
2178 22 23 0
2179 22 28 0
2180 22 27 0
2181 22 24 0
2182 22 23 0
2183 22 23 0
2184 22 31 0
2185 22 24 0
2186 22 23 0
2187 22 71 0
2188 22 23 0
2189 22 25 0
2190 22 24 0
2191 22 23 0
2192 22 34 0
2193 22 35 0
2194 22 25 0
2195 22 26 0
2196 22 24 0
2197 22 23 0
2198 22 56 0
2199 22 29 0
2200 22 23 0
2201 22 24 0
2202 22 23 0
2203 22 23 0
2204 22 23 0
2205 22 34 0
2206 22 48 0
2207 22 32 0
2208 22 24 0
2209 22 25 0
2210 22 24 0
2211 22 24 0
2212 22 34 0
2213 22 23 0
2214 22 48 0
2215 22 23 0
2216 23 28 0
2217 23 25 0
2218 23 47 0
2219 23 65 0
2220 23 34 0
2221 23 43 0
2222 23 26 0
2223 23 29 0
2224 23 25 0
2225 23 24 0
2226 23 26 0
2227 23 31 0
2228 23 29 0
2229 23 35 0
2230 23 28 0
2231 23 69 0
2232 23 26 0
2233 23 30 0
2234 23 24 0
2235 23 27 0
2236 23 47 0
2237 23 61 0
2238 23 26 0
2239 23 25 0
2240 23 25 0
2241 23 28 0
2242 23 32 0
2243 23 52 0
2244 23 153 0
2245 23 30 0
2246 23 24 0
2247 23 26 0
2248 23 28 0
2249 23 25 0
2250 23 25 0
2251 23 24 0
2252 23 28 0
2253 23 68 0
2254 23 26 0
2255 23 35 0
2256 23 25 0
2257 23 24 0
2258 23 26 0
2259 23 153 0
2260 23 34 0
2261 23 26 0
2262 23 68 0
2263 23 24 0
2264 23 34 0
2265 23 38 0
2266 23 58 0
2267 23 29 0
2268 23 35 0
2269 23 25 0
2270 23 25 0
2271 23 46 0
2272 23 25 0
2273 23 26 0
2274 23 25 0
2275 23 49 0
2276 23 30 0
2277 23 24 0
2278 23 34 0
2279 23 31 0
2280 24 31 0
2281 24 70 0
2282 24 28 0
2283 24 153 0
2284 24 28 0
2285 24 28 0
2286 24 28 0
2287 24 54 0
2288 24 29 0
2289 24 25 0
2290 24 30 0
2291 24 45 0
2292 24 100 0
2293 24 25 0
2294 24 26 0
2295 24 26 0
2296 24 41 0
2297 24 27 0
2298 24 27 0
2299 24 73 0
2300 24 47 0
2301 24 35 0
2302 24 31 0
2303 24 25 0
2304 24 35 0
2305 24 28 0
2306 24 57 0
2307 24 27 0
2308 24 25 0
2309 24 29 0
2310 24 103 0
2311 24 30 0
2312 24 32 0
2313 24 25 0
2314 24 29 0
2315 24 71 0
2316 24 25 0
2317 24 48 0
2318 24 147 0
2319 24 30 0
2320 24 31 0
2321 24 38 0
2322 24 41 0
2323 24 45 0
2324 24 28 0
2325 25 28 0
2326 25 26 0
2327 25 42 0
2328 25 27 0
2329 25 26 0
2330 25 29 0
2331 25 26 0
2332 25 26 0
2333 25 38 0
2334 25 26 0
2335 25 28 0
2336 25 27 0
2337 25 26 0
2338 25 26 0
2339 25 29 0
2340 25 28 0
2341 25 37 0
2342 25 40 0
2343 25 41 0
2344 25 27 0
2345 25 27 0
2346 25 40 0
2347 25 28 0
2348 25 36 0
2349 25 26 0
2350 25 26 0
2351 25 29 0
2352 25 89 0
2353 25 45 0
2354 25 67 0
2355 25 26 0
2356 25 26 0
2357 25 32 0
2358 25 28 0
2359 25 26 0
2360 25 26 0
2361 25 26 0
2362 25 28 0
2363 25 47 0
2364 25 33 0
2365 25 26 0
2366 25 32 0
2367 25 26 0
2368 25 41 0
2369 25 26 0
2370 25 26 0
2371 25 28 0
2372 25 27 0
2373 25 33 0
2374 25 47 0
2375 25 47 0
2376 25 26 0
2377 25 27 0
2378 25 36 0
2379 25 27 0
2380 25 30 0
2381 25 27 0
2382 25 26 0
2383 25 26 0
2384 25 32 0
2385 25 29 0
2386 25 26 0
2387 25 33 0
2388 25 57 0
2389 25 69 0
2390 25 77 0
2391 25 26 0
2392 26 35 0
2393 26 31 0
2394 26 29 0
2395 26 27 0
2396 26 27 0
2397 26 153 0
2398 26 28 0
2399 26 28 0
2400 26 28 0
2401 26 87 0
2402 26 36 0
2403 26 55 0
2404 26 37 0
2405 26 30 0
2406 26 29 0
2407 26 28 0
2408 26 32 0
2409 26 29 0
2410 26 28 0
2411 26 44 0
2412 26 28 0
2413 26 27 0
2414 26 27 0
2415 26 27 0
2416 26 153 0
2417 26 27 0
2418 26 30 0
2419 26 27 0
2420 26 28 0
2421 26 30 0
2422 26 107 0
2423 26 50 0
2424 26 36 0
2425 26 27 0
2426 26 31 0
2427 26 28 0
2428 26 41 0
2429 26 55 0
2430 26 27 0
2431 26 87 0
2432 26 35 0
2433 26 27 0
2434 26 29 0
2435 26 153 0
2436 27 28 0
2437 27 28 0
2438 27 28 0
2439 27 28 0
2440 27 29 0
2441 27 29 0
2442 27 50 0
2443 27 30 0
2444 27 43 0
2445 27 29 0
2446 27 34 0
2447 27 35 0
2448 27 36 0
2449 27 28 0
2450 27 28 0
2451 27 40 0
2452 27 28 0
2453 27 37 0
2454 27 28 0
2455 27 33 0
2456 27 36 0
2457 27 28 0
2458 27 43 0
2459 27 28 0
2460 27 33 0
2461 27 30 0
2462 27 29 0
2463 27 28 0
2464 27 30 0
2465 27 37 0
2466 27 68 0
2467 27 34 0
2468 27 30 0
2469 27 30 0
2470 27 63 0
2471 27 30 0
2472 27 28 0
2473 27 28 0
2474 27 33 0
2475 27 33 0
2476 27 52 0
2477 27 28 0
2478 27 36 0
2479 27 31 0
2480 27 32 0
2481 27 28 0
2482 27 31 0
2483 27 29 0
2484 27 32 0
2485 27 37 0
2486 27 31 0
2487 27 36 0
2488 27 31 0
2489 27 38 0
2490 27 28 0
2491 28 31 0
2492 28 51 0
2493 28 29 0
2494 28 35 0
2495 28 29 0
2496 28 29 0
2497 28 32 0
2498 28 30 0
2499 28 32 0
2500 28 32 0
2501 28 29 0
2502 28 29 0
2503 28 153 0
2504 28 29 0
2505 28 29 0
2506 28 31 0
2507 28 34 0
2508 28 43 0
2509 28 32 0
2510 28 40 0
2511 28 29 0
2512 28 29 0
2513 28 31 0
2514 28 30 0
2515 28 34 0
2516 28 30 0
2517 28 33 0
2518 28 35 0
2519 28 72 0
2520 28 50 0
2521 28 153 0
2522 28 30 0
2523 28 37 0
2524 28 29 0
2525 28 34 0
2526 28 30 0
2527 28 40 0
2528 28 44 0
2529 28 29 0
2530 28 33 0
2531 28 85 0
2532 28 52 0
2533 28 29 0
2534 28 47 0
2535 28 110 0
2536 28 31 0
2537 28 31 0
2538 28 29 0
2539 28 35 0
2540 28 33 0
2541 28 58 0
2542 29 46 0
2543 29 30 0
2544 29 38 0
2545 29 74 0
2546 29 73 0
2547 29 35 0
2548 29 43 0
2549 29 32 0
2550 29 45 0
2551 29 38 0
2552 29 35 0
2553 29 40 0
2554 29 31 0
2555 29 32 0
2556 29 33 0
2557 29 153 0
2558 29 39 0
2559 29 44 0
2560 29 31 0
2561 29 36 0
2562 29 68 0
2563 29 35 0
2564 29 31 0
2565 29 32 0
2566 29 30 0
2567 29 30 0
2568 29 31 0
2569 29 39 0
2570 29 30 0
2571 29 153 0
2572 29 30 0
2573 29 31 0
2574 29 153 0
2575 29 45 0
2576 29 30 0
2577 29 35 0
2578 29 36 0
2579 29 32 0
2580 29 34 0
2581 29 35 0
2582 29 30 0
2583 29 30 0
2584 29 39 0
2585 29 42 0
2586 29 30 0
2587 29 35 0
2588 29 42 0
2589 29 45 0
2590 29 49 0
2591 29 31 0
2592 29 32 0
2593 29 32 0
2594 29 30 0
2595 29 30 0
2596 29 31 0
2597 29 34 0
2598 29 33 0
2599 29 90 0
2600 29 127 0
2601 29 33 0
2602 29 31 0
2603 29 52 0
2604 29 34 0
2605 30 66 0
2606 30 32 0
2607 30 53 0
2608 30 35 0
2609 30 31 0
2610 30 32 0
2611 30 32 0
2612 30 33 0
2613 30 35 0
2614 30 38 0
2615 30 43 0
2616 30 59 0
2617 30 33 0
2618 30 153 0
2619 30 31 0
2620 30 40 0
2621 30 39 0
2622 30 32 0
2623 30 44 0
2624 30 39 0
2625 30 31 0
2626 30 35 0
2627 30 92 0
2628 30 42 0
2629 30 35 0
2630 30 33 0
2631 30 35 0
2632 30 31 0
2633 30 32 0
2634 30 31 0
2635 30 47 0
2636 30 31 0
2637 30 36 0
2638 30 34 0
2639 30 46 0
2640 30 34 0
2641 30 35 0
2642 30 32 0
2643 30 31 0
2644 30 35 0
2645 30 31 0
2646 30 40 0
2647 30 31 0
2648 30 32 0
2649 30 34 0
2650 30 48 0
2651 30 47 0
2652 30 31 0
2653 30 34 0
2654 30 32 0
2655 30 31 0
2656 30 31 0
2657 30 36 0
2658 30 43 0
2659 30 31 0
2660 30 153 0
2661 31 35 0
2662 31 73 0
2663 31 40 0
2664 31 32 0
2665 31 34 0
2666 31 37 0
2667 31 33 0
2668 31 40 0
2669 31 37 0
2670 31 33 0
2671 31 37 0
2672 31 32 0
2673 31 43 0
2674 31 48 0
2675 31 35 0
2676 31 32 0
2677 31 58 0
2678 31 46 0
2679 31 36 0
2680 31 33 0
2681 31 32 0
2682 31 34 0
2683 31 32 0
2684 31 35 0
2685 31 41 0
2686 31 52 0
2687 31 38 0
2688 31 33 0
2689 31 32 0
2690 31 35 0
2691 31 38 0
2692 31 35 0
2693 31 33 0
2694 31 34 0
2695 31 39 0
2696 31 60 0
2697 31 38 0
2698 31 41 0
2699 31 42 0
2700 31 153 0
2701 31 48 0
2702 31 32 0
2703 31 34 0
2704 31 36 0
2705 31 32 0
2706 32 34 0
2707 32 33 0
2708 32 67 0
2709 32 43 0
2710 32 36 0
2711 32 33 0
2712 32 49 0
2713 32 33 0
2714 32 35 0
2715 32 52 0
2716 32 33 0
2717 32 41 0
2718 32 65 0
2719 32 34 0
2720 32 35 0
2721 32 39 0
2722 32 37 0
2723 32 34 0
2724 32 42 0
2725 32 36 0
2726 32 73 0
2727 32 47 0
2728 32 33 0
2729 32 41 0
2730 32 37 0
2731 32 33 0
2732 32 37 0
2733 32 33 0
2734 32 40 0
2735 32 34 0
2736 32 45 0
2737 32 34 0
2738 32 37 0
2739 32 33 0
2740 32 35 0
2741 32 39 0
2742 32 33 0
2743 32 36 0
2744 32 36 0
2745 32 34 0
2746 32 35 0
2747 32 57 0
2748 32 35 0
2749 32 37 0
2750 32 39 0
2751 32 34 0
2752 32 34 0
2753 32 52 0
2754 32 42 0
2755 32 40 0
2756 32 34 0
2757 32 34 0
2758 32 36 0
2759 32 36 0
2760 32 33 0
2761 32 47 0
2762 32 37 0
2763 32 93 0
2764 33 35 0
2765 33 48 0
2766 33 153 0
2767 33 35 0
2768 33 39 0
2769 33 36 0
2770 33 45 0
2771 33 35 0
2772 33 54 0
2773 33 35 0
2774 33 46 0
2775 33 36 0
2776 33 50 0
2777 33 36 0
2778 33 45 0
2779 33 36 0
2780 33 34 0
2781 33 34 0
2782 33 37 0
2783 33 37 0
2784 33 153 0
2785 33 37 0
2786 33 54 0
2787 33 51 0
2788 33 38 0
2789 33 35 0
2790 33 51 0
2791 33 128 0
2792 33 39 0
2793 33 61 0
2794 33 34 0
2795 33 34 0
2796 33 34 0
2797 33 37 0
2798 33 34 0
2799 33 49 0
2800 33 41 0
2801 33 37 0
2802 33 56 0
2803 33 35 0
2804 33 37 0
2805 33 153 0
2806 33 36 0
2807 33 41 0
2808 33 101 0
2809 33 35 0
2810 33 41 0
2811 33 34 0
2812 33 49 0
2813 34 35 0
2814 34 37 0
2815 34 35 0
2816 34 35 0
2817 34 36 0
2818 34 50 0
2819 34 35 0
2820 34 35 0
2821 34 35 0
2822 34 35 0
2823 34 42 0
2824 34 56 0
2825 34 78 0
2826 34 38 0
2827 34 59 0
2828 34 43 0
2829 34 58 0
2830 34 36 0
2831 34 39 0
2832 34 35 0
2833 34 35 0
2834 34 39 0
2835 34 35 0
2836 34 39 0
2837 34 49 0
2838 34 38 0
2839 34 35 0
2840 34 59 0
2841 34 35 0
2842 34 36 0
2843 34 39 0
2844 34 35 0
2845 34 36 0
2846 34 44 0
2847 34 52 0
2848 34 35 0
2849 34 37 0
2850 34 45 0
2851 34 41 0
2852 34 153 0
2853 34 35 0
2854 34 40 0
2855 34 48 0
2856 34 38 0
2857 34 37 0
2858 34 35 0
2859 34 45 0
2860 34 59 0
2861 34 35 0
2862 35 38 0
2863 35 36 0
2864 35 36 0
2865 35 55 0
2866 35 40 0
2867 35 37 0
2868 35 45 0
2869 35 36 0
2870 35 153 0
2871 35 36 0
2872 35 38 0
2873 35 75 0
2874 35 36 0
2875 35 36 0
2876 35 38 0
2877 35 36 0
2878 35 39 0
2879 35 36 0
2880 35 43 0
2881 35 88 0
2882 35 55 0
2883 35 37 0
2884 35 58 0
2885 35 36 0
2886 35 36 0
2887 35 40 0
2888 35 39 0
2889 35 43 0
2890 35 41 0
2891 35 41 0
2892 35 42 0
2893 35 36 0
2894 35 36 0
2895 35 153 0
2896 35 41 0
2897 35 52 0
2898 35 36 0
2899 35 36 0
2900 35 38 0
2901 35 153 0
2902 35 40 0
2903 35 36 0
2904 35 153 0
2905 35 153 0
2906 35 51 0
2907 35 37 0
2908 35 40 0
2909 35 73 0
2910 35 39 0
2911 35 37 0
2912 35 39 0
2913 35 66 0
2914 35 37 0
2915 35 37 0
2916 35 43 0
2917 35 37 0
2918 35 68 0
2919 35 46 0
2920 35 37 0
2921 36 39 0
2922 36 40 0
2923 36 41 0
2924 36 39 0
2925 36 38 0
2926 36 45 0
2927 36 39 0
2928 36 37 0
2929 36 60 0
2930 36 38 0
2931 36 47 0
2932 36 66 0
2933 36 62 0
2934 36 46 0
2935 36 47 0
2936 36 39 0
2937 36 58 0
2938 36 153 0
2939 36 45 0
2940 36 42 0
2941 36 37 0
2942 36 93 0
2943 36 39 0
2944 36 49 0
2945 36 73 0
2946 36 58 0
2947 36 42 0
2948 36 40 0
2949 36 65 0
2950 36 41 0
2951 36 40 0
2952 36 37 0
2953 36 38 0
2954 36 45 0
2955 36 37 0
2956 36 38 0
2957 36 44 0
2958 36 39 0
2959 36 153 0
2960 36 43 0
2961 36 40 0
2962 36 43 0
2963 36 41 0
2964 36 38 0
2965 36 38 0
2966 36 70 0
2967 36 41 0
2968 36 51 0
2969 36 37 0
2970 36 39 0
2971 36 44 0
2972 36 41 0
2973 36 44 0
2974 36 153 0
2975 36 43 0
2976 36 78 0
2977 36 37 0
2978 36 37 0
2979 36 37 0
2980 36 115 0
2981 36 37 0
2982 36 47 0
2983 36 41 0
2984 36 38 0
2985 36 153 0
2986 36 53 0
2987 37 39 0
2988 37 94 0
2989 37 43 0
2990 37 42 0
2991 37 38 0
2992 37 49 0
2993 37 39 0
2994 37 38 0
2995 37 40 0
2996 37 40 0
2997 37 48 0
2998 37 38 0
2999 37 44 0
3000 37 39 0
3001 37 41 0
3002 37 38 0
3003 37 38 0
3004 37 41 0
3005 37 46 0
3006 37 39 0
3007 37 82 0
3008 37 40 0
3009 37 38 0
3010 37 40 0
3011 37 42 0
3012 37 38 0
3013 37 44 0
3014 37 42 0
3015 37 58 0
3016 37 38 0
3017 37 48 0
3018 37 41 0
3019 37 153 0
3020 37 46 0
3021 37 52 0
3022 37 41 0
3023 37 38 0
3024 37 43 0
3025 37 38 0
3026 37 153 0
3027 37 38 0
3028 37 39 0
3029 37 39 0
3030 37 64 0
3031 37 48 0
3032 37 64 0
3033 37 39 0
3034 37 153 0
3035 37 52 0
3036 37 62 0
3037 37 38 0
3038 37 63 0
3039 37 39 0
3040 37 38 0
3041 37 38 0
3042 37 43 0
3043 37 38 0
3044 37 40 0
3045 37 40 0
3046 37 41 0
3047 37 42 0
3048 37 39 0
3049 37 66 0
3050 37 43 0
3051 37 153 0
3052 37 41 0
3053 37 38 0
3054 37 39 0
3055 37 47 0
3056 37 59 0
3057 37 40 0
3058 38 39 0
3059 38 47 0
3060 38 42 0
3061 38 42 0
3062 38 42 0
3063 38 46 0
3064 38 39 0
3065 38 67 0
3066 38 39 0
3067 38 51 0
3068 38 40 0
3069 38 39 0
3070 38 47 0
3071 38 153 0
3072 38 41 0
3073 38 40 0
3074 38 46 0
3075 38 39 0
3076 38 43 0
3077 38 39 0
3078 38 42 0
3079 38 41 0
3080 38 45 0
3081 38 44 0
3082 38 84 0
3083 38 76 0
3084 38 40 0
3085 38 70 0
3086 38 59 0
3087 38 40 0
3088 38 52 0
3089 38 40 0
3090 38 49 0
3091 38 41 0
3092 38 41 0
3093 38 44 0
3094 38 51 0
3095 38 39 0
3096 38 40 0
3097 38 50 0
3098 38 42 0
3099 38 126 0
3100 38 39 0
3101 39 41 0
3102 39 41 0
3103 39 41 0
3104 39 88 0
3105 39 44 0
3106 39 40 0
3107 39 40 0
3108 39 40 0
3109 39 48 0
3110 39 74 0
3111 39 47 0
3112 39 40 0
3113 39 40 0
3114 39 49 0
3115 39 43 0
3116 39 46 0
3117 39 50 0
3118 39 77 0
3119 39 40 0
3120 39 43 0
3121 39 54 0
3122 39 62 0
3123 39 40 0
3124 39 153 0
3125 39 48 0
3126 39 41 0
3127 39 40 0
3128 39 45 0
3129 39 58 0
3130 39 149 0
3131 39 41 0
3132 39 42 0
3133 39 40 0
3134 39 42 0
3135 39 153 0
3136 39 53 0
3137 39 40 0
3138 39 41 0
3139 39 40 0
3140 39 43 0
3141 39 43 0
3142 39 41 0
3143 39 45 0
3144 39 49 0
3145 39 45 0
3146 39 61 0
3147 39 42 0
3148 39 41 0
3149 39 40 0
3150 40 42 0
3151 40 48 0
3152 40 42 0
3153 40 41 0
3154 40 42 0
3155 40 61 0
3156 40 63 0
3157 40 44 0
3158 40 54 0
3159 40 47 0
3160 40 46 0
3161 40 153 0
3162 40 70 0
3163 40 45 0
3164 40 45 0
3165 40 66 0
3166 40 42 0
3167 40 45 0
3168 40 153 0
3169 40 44 0
3170 40 41 0
3171 40 41 0
3172 40 153 0
3173 40 48 0
3174 40 41 0
3175 40 42 0
3176 40 41 0
3177 40 41 0
3178 40 44 0
3179 40 44 0
3180 40 42 0
3181 40 47 0
3182 40 54 0
3183 40 44 0
3184 40 42 0
3185 40 53 0
3186 40 57 0
3187 40 54 0
3188 40 53 0
3189 40 41 0
3190 40 47 0
3191 40 44 0
3192 40 42 0
3193 40 53 0
3194 40 42 0
3195 40 52 0
3196 40 41 0
3197 40 44 0
3198 40 43 0
3199 40 51 0
3200 40 74 0
3201 40 41 0
3202 40 41 0
3203 40 83 0
3204 40 55 0
3205 40 45 0
3206 40 44 0
3207 40 45 0
3208 40 56 0
3209 40 41 0
3210 41 42 0
3211 41 62 0
3212 41 44 0
3213 41 153 0
3214 41 42 0
3215 41 47 0
3216 41 42 0
3217 41 66 0
3218 41 42 0
3219 41 75 0
3220 41 43 0
3221 41 47 0
3222 41 105 0
3223 41 42 0
3224 41 48 0
3225 41 72 0
3226 41 45 0
3227 41 47 0
3228 41 42 0
3229 41 63 0
3230 41 42 0
3231 41 127 0
3232 41 47 0
3233 41 42 0
3234 41 153 0
3235 41 48 0
3236 41 42 0
3237 41 43 0
3238 41 42 0
3239 41 42 0
3240 41 85 0
3241 41 42 0
3242 41 45 0
3243 41 50 0
3244 41 45 0
3245 41 43 0
3246 41 71 0
3247 41 42 0
3248 41 153 0
3249 41 42 0
3250 41 42 0
3251 41 42 0
3252 41 44 0
3253 41 46 0
3254 41 153 0
3255 41 46 0
3256 41 56 0
3257 41 83 0
3258 41 51 0
3259 41 53 0
3260 41 47 0
3261 41 59 0
3262 41 78 0
3263 41 43 0
3264 41 43 0
3265 41 137 0
3266 42 50 0
3267 42 43 0
3268 42 51 0
3269 42 46 0
3270 42 153 0
3271 42 153 0
3272 42 45 0
3273 42 57 0
3274 42 43 0
3275 42 85 0
3276 42 48 0
3277 42 141 0
3278 42 43 0
3279 42 66 0
3280 42 43 0
3281 42 49 0
3282 42 153 0
3283 42 44 0
3284 42 43 0
3285 42 153 0
3286 42 153 0
3287 42 78 0
3288 42 50 0
3289 42 58 0
3290 42 51 0
3291 42 43 0
3292 42 52 0
3293 42 43 0
3294 42 45 0
3295 42 43 0
3296 42 43 0
3297 42 43 0
3298 42 45 0
3299 42 43 0
3300 42 56 0
3301 42 56 0
3302 42 44 0
3303 42 43 0
3304 42 44 0
3305 42 143 0
3306 42 48 0
3307 42 63 0
3308 42 46 0
3309 42 63 0
3310 42 47 0
3311 42 47 0
3312 42 53 0
3313 42 50 0
3314 42 71 0
3315 42 49 0
3316 43 49 0
3317 43 122 0
3318 43 55 0
3319 43 46 0
3320 43 44 0
3321 43 45 0
3322 43 44 0
3323 43 45 0
3324 43 50 0
3325 43 45 0
3326 43 52 0
3327 43 48 0
3328 43 44 0
3329 43 44 0
3330 43 44 0
3331 43 53 0
3332 43 44 0
3333 43 49 0
3334 43 68 0
3335 43 44 0
3336 43 44 0
3337 43 45 0
3338 43 69 0
3339 43 48 0
3340 43 45 0
3341 43 86 0
3342 43 46 0
3343 43 52 0
3344 43 48 0
3345 43 44 0
3346 43 48 0
3347 43 153 0
3348 43 48 0
3349 43 44 0
3350 43 44 0
3351 43 62 0
3352 43 44 0
3353 43 45 0
3354 43 69 0
3355 43 48 0
3356 43 47 0
3357 43 44 0
3358 43 49 0
3359 43 45 0
3360 43 51 0
3361 43 46 0
3362 43 45 0
3363 43 50 0
3364 43 45 0
3365 43 68 0
3366 43 62 0
3367 43 60 0
3368 43 153 0
3369 43 50 0
3370 43 45 0
3371 43 109 0
3372 43 44 0
3373 43 144 0
3374 43 76 0
3375 43 45 0
3376 44 47 0
3377 44 45 0
3378 44 45 0
3379 44 46 0
3380 44 49 0
3381 44 54 0
3382 44 57 0
3383 44 45 0
3384 44 153 0
3385 44 45 0
3386 44 49 0
3387 44 46 0
3388 44 51 0
3389 44 52 0
3390 44 52 0
3391 44 49 0
3392 44 45 0
3393 44 59 0
3394 44 49 0
3395 44 121 0
3396 44 49 0
3397 44 73 0
3398 44 49 0
3399 44 49 0
3400 44 61 0
3401 44 47 0
3402 44 49 0
3403 44 95 0
3404 44 61 0
3405 44 45 0
3406 44 45 0
3407 44 57 0
3408 44 62 0
3409 44 46 0
3410 44 49 0
3411 44 76 0
3412 44 45 0
3413 44 65 0
3414 44 153 0
3415 44 54 0
3416 44 48 0
3417 44 48 0
3418 44 58 0
3419 44 47 0
3420 44 45 0
3421 44 71 0
3422 44 45 0
3423 44 65 0
3424 44 47 0
3425 44 45 0
3426 44 60 0
3427 44 91 0
3428 44 54 0
3429 44 48 0
3430 45 58 0
3431 45 48 0
3432 45 46 0
3433 45 48 0
3434 45 153 0
3435 45 46 0
3436 45 48 0
3437 45 63 0
3438 45 52 0
3439 45 52 0
3440 45 47 0
3441 45 46 0
3442 45 49 0
3443 45 62 0
3444 45 51 0
3445 45 69 0
3446 45 46 0
3447 45 46 0
3448 45 67 0
3449 45 49 0
3450 45 46 0
3451 45 61 0
3452 45 50 0
3453 45 51 0
3454 45 46 0
3455 45 47 0
3456 45 55 0
3457 45 46 0
3458 45 46 0
3459 45 50 0
3460 45 61 0
3461 45 46 0
3462 45 46 0
3463 45 51 0
3464 45 47 0
3465 45 47 0
3466 45 91 0
3467 45 47 0
3468 45 47 0
3469 45 63 0
3470 45 55 0
3471 45 57 0
3472 45 49 0
3473 45 50 0
3474 45 48 0
3475 45 46 0
3476 45 70 0
3477 46 47 0
3478 46 48 0
3479 46 47 0
3480 46 49 0
3481 46 47 0
3482 46 47 0
3483 46 48 0
3484 46 66 0
3485 46 47 0
3486 46 47 0
3487 46 50 0
3488 46 49 0
3489 46 47 0
3490 46 50 0
3491 46 52 0
3492 46 50 0
3493 46 59 0
3494 46 50 0
3495 46 57 0
3496 46 48 0
3497 46 153 0
3498 46 153 0
3499 46 51 0
3500 46 49 0
3501 46 53 0
3502 46 53 0
3503 46 47 0
3504 46 49 0
3505 46 70 0
3506 46 52 0
3507 46 50 0
3508 46 51 0
3509 46 62 0
3510 46 47 0
3511 46 153 0
3512 46 50 0
3513 46 51 0
3514 46 59 0
3515 46 47 0
3516 46 47 0
3517 46 55 0
3518 46 49 0
3519 46 48 0
3520 46 49 0
3521 46 49 0
3522 46 62 0
3523 46 48 0
3524 46 146 0
3525 46 153 0
3526 46 47 0
3527 46 58 0
3528 46 47 0
3529 47 49 0
3530 47 48 0
3531 47 50 0
3532 47 64 0
3533 47 153 0
3534 47 65 0
3535 47 49 0
3536 47 71 0
3537 47 58 0
3538 47 52 0
3539 47 59 0
3540 47 55 0
3541 47 48 0
3542 47 48 0
3543 47 52 0
3544 47 50 0
3545 47 51 0
3546 47 56 0
3547 47 54 0
3548 47 49 0
3549 47 48 0
3550 47 54 0
3551 47 48 0
3552 47 49 0
3553 47 50 0
3554 47 48 0
3555 47 96 0
3556 47 52 0
3557 47 54 0
3558 47 48 0
3559 47 59 0
3560 47 48 0
3561 47 61 0
3562 47 48 0
3563 47 48 0
3564 47 55 0
3565 47 51 0
3566 47 49 0
3567 47 57 0
3568 47 49 0
3569 47 83 0
3570 47 48 0
3571 47 58 0
3572 47 51 0
3573 47 51 0
3574 47 69 0
3575 47 51 0
3576 47 53 0
3577 47 90 0
3578 47 49 0
3579 47 57 0
3580 47 65 0
3581 47 153 0
3582 47 48 0
3583 47 48 0
3584 48 53 0
3585 48 49 0
3586 48 50 0
3587 48 56 0
3588 48 55 0
3589 48 49 0
3590 48 63 0
3591 48 64 0
3592 48 100 0
3593 48 74 0
3594 48 66 0
3595 48 52 0
3596 48 78 0
3597 48 153 0
3598 48 52 0
3599 48 53 0
3600 48 52 0
3601 48 50 0
3602 48 58 0
3603 48 49 0
3604 48 49 0
3605 48 153 0
3606 48 50 0
3607 48 51 0
3608 48 84 0
3609 48 50 0
3610 48 50 0
3611 48 53 0
3612 48 89 0
3613 48 52 0
3614 48 51 0
3615 48 52 0
3616 48 67 0
3617 48 56 0
3618 48 66 0
3619 48 51 0
3620 48 153 0
3621 48 59 0
3622 48 49 0
3623 48 49 0
3624 48 53 0
3625 48 153 0
3626 48 52 0
3627 48 49 0
3628 48 60 0
3629 48 54 0
3630 48 53 0
3631 48 77 0
3632 48 50 0
3633 48 50 0
3634 48 153 0
3635 48 73 0
3636 48 50 0
3637 48 51 0
3638 49 53 0
3639 49 65 0
3640 49 54 0
3641 49 52 0
3642 49 60 0
3643 49 53 0
3644 49 55 0
3645 49 50 0
3646 49 51 0
3647 49 61 0
3648 49 54 0
3649 49 58 0
3650 49 53 0
3651 49 51 0
3652 49 50 0
3653 49 50 0
3654 49 153 0
3655 49 50 0
3656 49 50 0
3657 49 56 0
3658 49 52 0
3659 49 56 0
3660 49 50 0
3661 49 55 0
3662 49 59 0
3663 49 100 0
3664 49 51 0
3665 49 51 0
3666 49 153 0
3667 49 53 0
3668 49 51 0
3669 49 51 0
3670 49 50 0
3671 49 50 0
3672 49 56 0
3673 49 50 0
3674 49 56 0
3675 49 60 0
3676 49 58 0
3677 49 51 0
3678 49 55 0
3679 49 60 0
3680 49 78 0
3681 49 55 0
3682 49 51 0
3683 49 62 0
3684 49 53 0
3685 49 51 0
3686 49 52 0
3687 50 85 0
3688 50 52 0
3689 50 52 0
3690 50 56 0
3691 50 53 0
3692 50 63 0
3693 50 51 0
3694 50 54 0
3695 50 51 0
3696 50 51 0
3697 50 51 0
3698 50 52 0
3699 50 53 0
3700 50 52 0
3701 50 54 0
3702 50 78 0
3703 50 89 0
3704 50 51 0
3705 50 56 0
3706 50 84 0
3707 50 51 0
3708 50 52 0
3709 50 52 0
3710 50 111 0
3711 50 51 0
3712 50 51 0
3713 50 65 0
3714 50 51 0
3715 50 51 0
3716 50 54 0
3717 50 67 0
3718 50 61 0
3719 50 76 0
3720 50 57 0
3721 50 153 0
3722 50 54 0
3723 50 51 0
3724 50 51 0
3725 50 76 0
3726 50 52 0
3727 50 83 0
3728 50 56 0
3729 50 72 0
3730 50 51 0
3731 50 52 0
3732 50 51 0
3733 50 53 0
3734 51 63 0
3735 51 52 0
3736 51 52 0
3737 51 52 0
3738 51 66 0
3739 51 53 0
3740 51 54 0
3741 51 86 0
3742 51 52 0
3743 51 52 0
3744 51 52 0
3745 51 61 0
3746 51 59 0
3747 51 53 0
3748 51 52 0
3749 51 58 0
3750 51 153 0
3751 51 53 0
3752 51 52 0
3753 51 52 0
3754 51 76 0
3755 51 62 0
3756 51 53 0
3757 51 53 0
3758 51 58 0
3759 51 56 0
3760 51 54 0
3761 51 55 0
3762 51 53 0
3763 51 54 0
3764 51 52 0
3765 51 54 0
3766 51 55 0
3767 51 56 0
3768 51 53 0
3769 51 90 0
3770 51 72 0
3771 51 53 0
3772 51 73 0
3773 51 133 0
3774 51 54 0
3775 51 52 0
3776 51 54 0
3777 51 67 0
3778 51 53 0
3779 51 68 0
3780 51 52 0
3781 51 63 0
3782 51 64 0
3783 51 57 0
3784 51 54 0
3785 51 53 0
3786 51 58 0
3787 52 59 0
3788 52 53 0
3789 52 68 0
3790 52 56 0
3791 52 53 0
3792 52 95 0
3793 52 153 0
3794 52 57 0
3795 52 55 0
3796 52 153 0
3797 52 56 0
3798 52 54 0
3799 52 59 0
3800 52 53 0
3801 52 59 0
3802 52 60 0
3803 52 53 0
3804 52 53 0
3805 52 57 0
3806 52 53 0
3807 52 53 0
3808 52 64 0
3809 52 58 0
3810 52 80 0
3811 52 54 0
3812 52 56 0
3813 52 63 0
3814 52 53 0
3815 52 61 0
3816 52 153 0
3817 52 57 0
3818 52 69 0
3819 52 54 0
3820 52 57 0
3821 52 54 0
3822 52 64 0
3823 52 55 0
3824 52 69 0
3825 52 59 0
3826 52 88 0
3827 52 53 0
3828 52 53 0
3829 52 64 0
3830 52 54 0
3831 52 53 0
3832 52 57 0
3833 52 68 0
3834 52 54 0
3835 52 58 0
3836 52 54 0
3837 52 53 0
3838 52 53 0
3839 52 55 0
3840 52 71 0
3841 52 55 0
3842 53 54 0
3843 53 54 0
3844 53 54 0
3845 53 54 0
3846 53 55 0
3847 53 153 0
3848 53 116 0
3849 53 57 0
3850 53 54 0
3851 53 77 0
3852 53 78 0
3853 53 75 0
3854 53 57 0
3855 53 153 0
3856 53 59 0
3857 53 57 0
3858 53 66 0
3859 53 55 0
3860 53 55 0
3861 53 76 0
3862 53 55 0
3863 53 119 0
3864 53 54 0
3865 53 56 0
3866 53 59 0
3867 53 54 0
3868 53 54 0
3869 53 60 0
3870 53 66 0
3871 53 63 0
3872 53 55 0
3873 53 85 0
3874 53 66 0
3875 53 54 0
3876 53 88 0
3877 53 63 0
3878 53 54 0
3879 53 76 0
3880 53 153 0
3881 53 54 0
3882 53 54 0
3883 53 55 0
3884 53 56 0
3885 53 108 0
3886 53 153 0
3887 53 54 0
3888 53 54 0
3889 53 55 0
3890 53 59 0
3891 54 102 0
3892 54 55 0
3893 54 60 0
3894 54 55 0
3895 54 71 0
3896 54 61 0
3897 54 56 0
3898 54 65 0
3899 54 61 0
3900 54 55 0
3901 54 153 0
3902 54 153 0
3903 54 76 0
3904 54 106 0
3905 54 58 0
3906 54 56 0
3907 54 57 0
3908 54 57 0
3909 54 104 0
3910 54 60 0
3911 54 55 0
3912 54 58 0
3913 54 76 0
3914 54 55 0
3915 54 153 0
3916 54 90 0
3917 54 55 0
3918 54 55 0
3919 54 61 0
3920 54 58 0
3921 54 58 0
3922 54 63 0
3923 54 55 0
3924 54 68 0
3925 54 67 0
3926 54 73 0
3927 54 153 0
3928 54 56 0
3929 54 66 0
3930 54 68 0
3931 54 57 0
3932 54 71 0
3933 54 78 0
3934 54 65 0
3935 54 55 0
3936 54 55 0
3937 54 59 0
3938 54 119 0
3939 54 76 0
3940 55 56 0
3941 55 110 0
3942 55 65 0
3943 55 62 0
3944 55 62 0
3945 55 57 0
3946 55 60 0
3947 55 61 0
3948 55 59 0
3949 55 61 0
3950 55 77 0
3951 55 102 0
3952 55 56 0
3953 55 153 0
3954 55 58 0
3955 55 88 0
3956 55 57 0
3957 55 122 0
3958 55 76 0
3959 55 65 0
3960 55 65 0
3961 55 60 0
3962 55 153 0
3963 55 63 0
3964 55 58 0
3965 55 63 0
3966 55 66 0
3967 55 56 0
3968 55 59 0
3969 55 72 0
3970 55 77 0
3971 55 57 0
3972 55 56 0
3973 55 56 0
3974 55 57 0
3975 55 84 0
3976 55 57 0
3977 55 57 0
3978 55 56 0
3979 55 95 0
3980 55 63 0
3981 55 57 0
3982 55 57 0
3983 55 60 0
3984 55 72 0
3985 56 58 0
3986 56 58 0
3987 56 88 0
3988 56 62 0
3989 56 58 0
3990 56 62 0
3991 56 68 0
3992 56 59 0
3993 56 57 0
3994 56 60 0
3995 56 57 0
3996 56 72 0
3997 56 58 0
3998 56 58 0
3999 56 59 0
4000 56 57 0
4001 56 61 0
4002 56 102 0
4003 56 59 0
4004 56 67 0
4005 56 65 0
4006 56 153 0
4007 56 58 0
4008 56 61 0
4009 56 57 0
4010 56 62 0
4011 56 58 0
4012 56 58 0
4013 56 58 0
4014 56 58 0
4015 56 64 0
4016 56 57 0
4017 56 70 0
4018 56 86 0
4019 56 59 0
4020 56 64 0
4021 56 72 0
4022 56 153 0
4023 56 68 0
4024 56 57 0
4025 56 57 0
4026 56 109 0
4027 56 59 0
4028 56 153 0
4029 56 58 0
4030 56 57 0
4031 56 93 0
4032 56 84 0
4033 56 59 0
4034 56 60 0
4035 56 88 0
4036 56 65 0
4037 57 64 0
4038 57 62 0
4039 57 58 0
4040 57 80 0
4041 57 58 0
4042 57 59 0
4043 57 59 0
4044 57 66 0
4045 57 60 0
4046 57 58 0
4047 57 62 0
4048 57 58 0
4049 57 59 0
4050 57 69 0
4051 57 59 0
4052 57 153 0
4053 57 77 0
4054 57 58 0
4055 57 58 0
4056 57 58 0
4057 57 58 0
4058 57 59 0
4059 57 58 0
4060 57 59 0
4061 57 67 0
4062 57 63 0
4063 57 58 0
4064 57 59 0
4065 57 61 0
4066 57 59 0
4067 57 58 0
4068 57 58 0
4069 57 58 0
4070 57 58 0
4071 57 114 0
4072 57 62 0
4073 57 63 0
4074 57 59 0
4075 57 80 0
4076 57 60 0
4077 57 59 0
4078 57 58 0
4079 57 58 0
4080 57 58 0
4081 57 71 0
4082 57 92 0
4083 57 74 0
4084 57 60 0
4085 57 63 0
4086 57 59 0
4087 57 60 0
4088 57 68 0
4089 58 63 0
4090 58 59 0
4091 58 59 0
4092 58 59 0
4093 58 59 0
4094 58 61 0
4095 58 63 0
4096 58 153 0
4097 58 59 0
4098 58 63 0
4099 58 70 0
4100 58 60 0
4101 58 61 0
4102 58 60 0
4103 58 80 0
4104 58 61 0
4105 58 153 0
4106 58 62 0
4107 58 59 0
4108 58 59 0
4109 58 92 0
4110 58 71 0
4111 58 59 0
4112 58 61 0
4113 58 66 0
4114 58 74 0
4115 58 59 0
4116 58 59 0
4117 58 59 0
4118 58 60 0
4119 58 67 0
4120 58 59 0
4121 58 60 0
4122 58 60 0
4123 58 86 0
4124 58 72 0
4125 58 65 0
4126 58 62 0
4127 58 153 0
4128 58 60 0
4129 58 59 0
4130 58 60 0
4131 58 153 0
4132 58 61 0
4133 58 153 0
4134 58 68 0
4135 59 73 0
4136 59 60 0
4137 59 61 0
4138 59 71 0
4139 59 68 0
4140 59 62 0
4141 59 71 0
4142 59 61 0
4143 59 60 0
4144 59 60 0
4145 59 71 0
4146 59 77 0
4147 59 88 0
4148 59 60 0
4149 59 61 0
4150 59 60 0
4151 59 60 0
4152 59 82 0
4153 59 104 0
4154 59 153 0
4155 59 78 0
4156 59 60 0
4157 59 61 0
4158 59 62 0
4159 59 60 0
4160 59 69 0
4161 59 153 0
4162 59 65 0
4163 59 60 0
4164 59 78 0
4165 59 60 0
4166 59 61 0
4167 59 62 0
4168 59 61 0
4169 59 62 0
4170 59 68 0
4171 59 62 0
4172 59 60 0
4173 59 69 0
4174 60 103 0
4175 60 61 0
4176 60 153 0
4177 60 87 0
4178 60 64 0
4179 60 64 0
4180 60 62 0
4181 60 61 0
4182 60 68 0
4183 60 65 0
4184 60 65 0
4185 60 61 0
4186 60 62 0
4187 60 153 0
4188 60 65 0
4189 60 62 0
4190 60 62 0
4191 60 62 0
4192 60 61 0
4193 60 79 0
4194 60 65 0
4195 60 72 0
4196 60 61 0
4197 60 63 0
4198 60 65 0
4199 60 63 0
4200 60 153 0
4201 60 85 0
4202 60 62 0
4203 60 61 0
4204 60 61 0
4205 60 64 0
4206 60 65 0
4207 60 64 0
4208 60 87 0
4209 60 68 0
4210 60 72 0
4211 60 65 0
4212 60 61 0
4213 60 153 0
4214 60 68 0
4215 60 62 0
4216 60 61 0
4217 60 67 0
4218 60 61 0
4219 60 68 0
4220 60 62 0
4221 60 61 0
4222 60 61 0
4223 60 70 0
4224 60 77 0
4225 60 80 0
4226 60 63 0
4227 60 72 0
4228 60 67 0
4229 60 63 0
4230 60 61 0
4231 60 72 0
4232 61 63 0
4233 61 65 0
4234 61 68 0
4235 61 67 0
4236 61 73 0
4237 61 71 0
4238 61 70 0
4239 61 63 0
4240 61 64 0
4241 61 67 0
4242 61 62 0
4243 61 62 0
4244 61 62 0
4245 61 64 0
4246 61 71 0
4247 61 62 0
4248 61 69 0
4249 61 68 0
4250 61 153 0
4251 61 153 0
4252 61 93 0
4253 61 79 0
4254 61 62 0
4255 61 62 0
4256 61 74 0
4257 61 64 0
4258 61 79 0
4259 61 74 0
4260 61 86 0
4261 61 65 0
4262 61 63 0
4263 61 64 0
4264 61 102 0
4265 61 124 0
4266 61 72 0
4267 61 67 0
4268 61 62 0
4269 61 153 0
4270 61 76 0
4271 61 62 0
4272 61 64 0
4273 61 62 0
4274 61 62 0
4275 61 63 0
4276 61 75 0
4277 61 64 0
4278 61 62 0
4279 61 108 0
4280 61 153 0
4281 61 62 0
4282 61 66 0
4283 61 63 0
4284 61 67 0
4285 61 153 0
4286 61 62 0
4287 61 62 0
4288 61 62 0
4289 62 89 0
4290 62 64 0
4291 62 63 0
4292 62 65 0
4293 62 63 0
4294 62 65 0
4295 62 65 0
4296 62 64 0
4297 62 64 0
4298 62 153 0
4299 62 69 0
4300 62 64 0
4301 62 68 0
4302 62 72 0
4303 62 63 0
4304 62 63 0
4305 62 65 0
4306 62 63 0
4307 62 94 0
4308 62 75 0
4309 62 78 0
4310 62 153 0
4311 62 64 0
4312 62 72 0
4313 62 64 0
4314 62 64 0
4315 62 72 0
4316 62 64 0
4317 62 153 0
4318 62 63 0
4319 62 84 0
4320 62 66 0
4321 62 64 0
4322 62 63 0
4323 62 74 0
4324 62 64 0
4325 62 67 0
4326 62 153 0
4327 62 64 0
4328 62 80 0
4329 62 153 0
4330 62 81 0
4331 62 63 0
4332 62 63 0
4333 62 153 0
4334 62 64 0
4335 62 63 0
4336 62 63 0
4337 62 75 0
4338 62 64 0
4339 62 153 0
4340 62 96 0
4341 62 67 0
4342 62 102 0
4343 63 70 0
4344 63 65 0
4345 63 64 0
4346 63 64 0
4347 63 75 0
4348 63 66 0
4349 63 65 0
4350 63 87 0
4351 63 65 0
4352 63 73 0
4353 63 66 0
4354 63 66 0
4355 63 65 0
4356 63 67 0
4357 63 64 0
4358 63 64 0
4359 63 102 0
4360 63 146 0
4361 63 64 0
4362 63 67 0
4363 63 65 0
4364 63 64 0
4365 63 64 0
4366 63 73 0
4367 63 74 0
4368 63 79 0
4369 63 65 0
4370 63 153 0
4371 63 66 0
4372 63 67 0
4373 63 66 0
4374 63 153 0
4375 63 66 0
4376 63 67 0
4377 63 66 0
4378 63 74 0
4379 63 65 0
4380 63 82 0
4381 63 153 0
4382 63 141 0
4383 63 65 0
4384 63 94 0
4385 63 64 0
4386 63 86 0
4387 63 71 0
4388 64 68 0
4389 64 65 0
4390 64 65 0
4391 64 85 0
4392 64 70 0
4393 64 65 0
4394 64 65 0
4395 64 65 0
4396 64 65 0
4397 64 69 0
4398 64 65 0
4399 64 85 0
4400 64 66 0
4401 64 70 0
4402 64 153 0
4403 64 67 0
4404 64 72 0
4405 64 66 0
4406 64 72 0
4407 64 65 0
4408 64 68 0
4409 64 76 0
4410 64 67 0
4411 64 77 0
4412 64 66 0
4413 64 71 0
4414 64 81 0
4415 64 68 0
4416 64 153 0
4417 64 65 0
4418 64 65 0
4419 64 102 0
4420 64 65 0
4421 64 71 0
4422 64 96 0
4423 64 70 0
4424 64 66 0
4425 64 66 0
4426 64 69 0
4427 64 68 0
4428 64 90 0
4429 64 65 0
4430 64 69 0
4431 65 104 0
4432 65 153 0
4433 65 67 0
4434 65 77 0
4435 65 153 0
4436 65 69 0
4437 65 67 0
4438 65 153 0
4439 65 66 0
4440 65 116 0
4441 65 83 0
4442 65 67 0
4443 65 66 0
4444 65 71 0
4445 65 73 0
4446 65 95 0
4447 65 66 0
4448 65 66 0
4449 65 71 0
4450 65 74 0
4451 65 66 0
4452 65 70 0
4453 65 78 0
4454 65 85 0
4455 65 68 0
4456 65 89 0
4457 65 88 0
4458 65 66 0
4459 65 74 0
4460 65 67 0
4461 65 79 0
4462 65 70 0
4463 65 72 0
4464 65 82 0
4465 65 67 0
4466 65 66 0
4467 65 69 0
4468 65 70 0
4469 65 66 0
4470 65 153 0
4471 65 153 0
4472 65 67 0
4473 65 67 0
4474 65 82 0
4475 65 72 0
4476 66 78 0
4477 66 67 0
4478 66 75 0
4479 66 85 0
4480 66 69 0
4481 66 70 0
4482 66 91 0
4483 66 71 0
4484 66 67 0
4485 66 67 0
4486 66 70 0
4487 66 78 0
4488 66 71 0
4489 66 67 0
4490 66 67 0
4491 66 67 0
4492 66 67 0
4493 66 68 0
4494 66 67 0
4495 66 70 0
4496 66 153 0
4497 66 69 0
4498 66 74 0
4499 66 76 0
4500 66 71 0
4501 66 73 0
4502 66 153 0
4503 66 118 0
4504 66 78 0
4505 66 72 0
4506 66 67 0
4507 66 70 0
4508 66 74 0
4509 66 85 0
4510 66 67 0
4511 66 68 0
4512 66 77 0
4513 66 86 0
4514 66 67 0
4515 66 71 0
4516 66 67 0
4517 66 69 0
4518 66 71 0
4519 66 74 0
4520 66 72 0
4521 66 68 0
4522 67 74 0
4523 67 70 0
4524 67 68 0
4525 67 70 0
4526 67 72 0
4527 67 68 0
4528 67 70 0
4529 67 72 0
4530 67 69 0
4531 67 78 0
4532 67 92 0
4533 67 153 0
4534 67 89 0
4535 67 81 0
4536 67 68 0
4537 67 68 0
4538 67 68 0
4539 67 93 0
4540 67 69 0
4541 67 105 0
4542 67 88 0
4543 67 72 0
4544 67 69 0
4545 67 69 0
4546 67 153 0
4547 67 68 0
4548 67 91 0
4549 67 71 0
4550 67 68 0
4551 67 72 0
4552 67 72 0
4553 67 153 0
4554 67 68 0
4555 67 68 0
4556 67 68 0
4557 67 69 0
4558 67 68 0
4559 67 97 0
4560 67 69 0
4561 67 68 0
4562 67 71 0
4563 67 71 0
4564 67 74 0
4565 67 85 0
4566 67 78 0
4567 67 153 0
4568 67 68 0
4569 67 141 0
4570 67 75 0
4571 67 73 0
4572 68 76 0
4573 68 153 0
4574 68 74 0
4575 68 73 0
4576 68 71 0
4577 68 69 0
4578 68 76 0
4579 68 81 0
4580 68 125 0
4581 68 72 0
4582 68 70 0
4583 68 81 0
4584 68 70 0
4585 68 76 0
4586 68 94 0
4587 68 71 0
4588 68 82 0
4589 68 69 0
4590 68 72 0
4591 68 77 0
4592 68 83 0
4593 68 79 0
4594 68 121 0
4595 68 74 0
4596 68 75 0
4597 68 79 0
4598 68 69 0
4599 68 74 0
4600 68 71 0
4601 68 81 0
4602 68 69 0
4603 68 76 0
4604 68 153 0
4605 68 100 0
4606 68 70 0
4607 68 73 0
4608 68 70 0
4609 68 69 0
4610 68 73 0
4611 68 70 0
4612 68 69 0
4613 68 92 0
4614 68 71 0
4615 69 106 0
4616 69 72 0
4617 69 71 0
4618 69 153 0
4619 69 70 0
4620 69 71 0
4621 69 126 0
4622 69 70 0
4623 69 82 0
4624 69 74 0
4625 69 70 0
4626 69 87 0
4627 69 74 0
4628 69 153 0
4629 69 70 0
4630 69 153 0
4631 69 76 0
4632 69 86 0
4633 69 71 0
4634 69 70 0
4635 69 71 0
4636 69 70 0
4637 69 79 0
4638 69 70 0
4639 69 72 0
4640 69 72 0
4641 69 71 0
4642 69 88 0
4643 69 110 0
4644 69 77 0
4645 69 71 0
4646 69 72 0
4647 69 71 0
4648 69 153 0
4649 69 107 0
4650 69 71 0
4651 69 71 0
4652 69 72 0
4653 69 73 0
4654 69 71 0
4655 69 153 0
4656 70 147 0
4657 70 71 0
4658 70 71 0
4659 70 74 0
4660 70 72 0
4661 70 71 0
4662 70 85 0
4663 70 90 0
4664 70 73 0
4665 70 72 0
4666 70 153 0
4667 70 72 0
4668 70 76 0
4669 70 72 0
4670 70 71 0
4671 70 153 0
4672 70 71 0
4673 70 78 0
4674 70 71 0
4675 70 78 0
4676 70 72 0
4677 70 73 0
4678 70 81 0
4679 70 87 0
4680 70 74 0
4681 70 107 0
4682 70 74 0
4683 70 74 0
4684 70 74 0
4685 70 79 0
4686 70 84 0
4687 70 72 0
4688 70 76 0
4689 70 86 0
4690 70 79 0
4691 70 74 0
4692 70 88 0
4693 70 76 0
4694 70 76 0
4695 70 94 0
4696 70 104 0
4697 70 71 0
4698 70 153 0
4699 70 71 0
4700 70 75 0
4701 70 124 0
4702 70 73 0
4703 71 72 0
4704 71 76 0
4705 71 116 0
4706 71 72 0
4707 71 72 0
4708 71 153 0
4709 71 72 0
4710 71 74 0
4711 71 73 0
4712 71 153 0
4713 71 109 0
4714 71 75 0
4715 71 72 0
4716 71 74 0
4717 71 82 0
4718 71 75 0
4719 71 74 0
4720 71 101 0
4721 71 77 0
4722 71 77 0
4723 71 72 0
4724 71 88 0
4725 71 98 0
4726 71 78 0
4727 71 80 0
4728 71 80 0
4729 71 72 0
4730 71 153 0
4731 71 83 0
4732 71 84 0
4733 71 76 0
4734 71 76 0
4735 71 84 0
4736 71 79 0
4737 71 74 0
4738 71 93 0
4739 71 90 0
4740 71 74 0
4741 71 92 0
4742 71 74 0
4743 71 79 0
4744 71 72 0
4745 71 99 0
4746 71 74 0
4747 72 83 0
4748 72 81 0
4749 72 74 0
4750 72 152 0
4751 72 77 0
4752 72 73 0
4753 72 73 0
4754 72 73 0
4755 72 153 0
4756 72 73 0
4757 72 76 0
4758 72 73 0
4759 72 81 0
4760 72 75 0
4761 72 76 0
4762 72 78 0
4763 72 81 0
4764 72 73 0
4765 72 87 0
4766 72 73 0
4767 72 77 0
4768 72 74 0
4769 72 77 0
4770 72 76 0
4771 72 138 0
4772 72 81 0
4773 72 75 0
4774 72 153 0
4775 72 74 0
4776 72 73 0
4777 72 98 0
4778 72 153 0
4779 72 74 0
4780 72 73 0
4781 72 73 0
4782 72 77 0
4783 72 78 0
4784 72 74 0
4785 73 81 0
4786 73 74 0
4787 73 78 0
4788 73 74 0
4789 73 91 0
4790 73 76 0
4791 73 79 0
4792 73 80 0
4793 73 74 0
4794 73 74 0
4795 73 76 0
4796 73 77 0
4797 73 153 0
4798 73 153 0
4799 73 75 0
4800 73 107 0
4801 73 89 0
4802 73 78 0
4803 73 74 0
4804 73 74 0
4805 73 84 0
4806 73 84 0
4807 73 74 0
4808 73 76 0
4809 73 76 0
4810 73 80 0
4811 73 153 0
4812 73 153 0
4813 73 77 0
4814 73 81 0
4815 73 76 0
4816 73 87 0
4817 73 153 0
4818 73 153 0
4819 73 153 0
4820 74 75 0
4821 74 120 0
4822 74 153 0
4823 74 84 0
4824 74 153 0
4825 74 77 0
4826 74 78 0
4827 74 76 0
4828 74 75 0
4829 74 80 0
4830 74 153 0
4831 74 82 0
4832 74 81 0
4833 74 82 0
4834 74 80 0
4835 74 87 0
4836 74 97 0
4837 74 75 0
4838 74 94 0
4839 74 133 0
4840 74 77 0
4841 74 84 0
4842 74 75 0
4843 74 75 0
4844 74 96 0
4845 74 87 0
4846 74 79 0
4847 74 104 0
4848 74 98 0
4849 74 153 0
4850 74 142 0
4851 74 75 0
4852 74 81 0
4853 74 99 0
4854 74 76 0
4855 74 116 0
4856 74 75 0
4857 74 75 0
4858 74 77 0
4859 74 100 0
4860 74 78 0
4861 74 86 0
4862 74 76 0
4863 74 76 0
4864 74 81 0
4865 74 76 0
4866 74 78 0
4867 75 80 0
4868 75 77 0
4869 75 78 0
4870 75 108 0
4871 75 149 0
4872 75 79 0
4873 75 76 0
4874 75 76 0
4875 75 89 0
4876 75 78 0
4877 75 84 0
4878 75 79 0
4879 75 153 0
4880 75 126 0
4881 75 153 0
4882 75 76 0
4883 75 76 0
4884 75 81 0
4885 75 76 0
4886 75 76 0
4887 75 79 0
4888 75 76 0
4889 75 153 0
4890 75 101 0
4891 75 153 0
4892 75 78 0
4893 75 76 0
4894 75 83 0
4895 75 153 0
4896 75 82 0
4897 75 84 0
4898 75 153 0
4899 76 84 0
4900 76 82 0
4901 76 82 0
4902 76 84 0
4903 76 78 0
4904 76 78 0
4905 76 80 0
4906 76 77 0
4907 76 86 0
4908 76 87 0
4909 76 81 0
4910 76 80 0
4911 76 77 0
4912 76 108 0
4913 76 77 0
4914 76 77 0
4915 76 83 0
4916 76 80 0
4917 76 79 0
4918 76 150 0
4919 76 96 0
4920 76 85 0
4921 76 77 0
4922 76 80 0
4923 76 91 0
4924 76 78 0
4925 76 77 0
4926 76 77 0
4927 76 88 0
4928 76 82 0
4929 76 95 0
4930 76 93 0
4931 76 81 0
4932 76 81 0
4933 76 77 0
4934 76 99 0
4935 76 83 0
4936 76 78 0
4937 76 86 0
4938 76 82 0
4939 76 153 0
4940 76 82 0
4941 76 78 0
4942 76 103 0
4943 76 77 0
4944 76 77 0
4945 76 105 0
4946 76 90 0
4947 77 78 0
4948 77 80 0
4949 77 79 0
4950 77 80 0
4951 77 79 0
4952 77 78 0
4953 77 95 0
4954 77 122 0
4955 77 87 0
4956 77 81 0
4957 77 88 0
4958 77 114 0
4959 77 78 0
4960 77 136 0
4961 77 86 0
4962 77 81 0
4963 77 81 0
4964 77 78 0
4965 77 78 0
4966 77 78 0
4967 77 95 0
4968 77 82 0
4969 77 80 0
4970 77 105 0
4971 77 87 0
4972 77 79 0
4973 77 90 0
4974 77 153 0
4975 77 78 0
4976 77 78 0
4977 77 79 0
4978 77 114 0
4979 77 78 0
4980 77 78 0
4981 77 83 0
4982 77 78 0
4983 77 78 0
4984 77 79 0
4985 77 81 0
4986 77 148 0
4987 77 78 0
4988 77 94 0
4989 77 153 0
4990 77 78 0
4991 77 87 0
4992 77 96 0
4993 77 78 0
4994 77 78 0
4995 78 79 0
4996 78 79 0
4997 78 80 0
4998 78 82 0
4999 78 80 0
5000 78 79 0
5001 78 80 0
5002 78 88 0
5003 78 83 0
5004 78 81 0
5005 78 93 0
5006 78 87 0
5007 78 82 0
5008 78 153 0
5009 78 80 0
5010 78 81 0
5011 78 81 0
5012 78 79 0
5013 78 122 0
5014 78 79 0
5015 78 80 0
5016 78 153 0
5017 78 89 0
5018 78 82 0
5019 78 80 0
5020 78 83 0
5021 78 87 0
5022 78 87 0
5023 78 108 0
5024 78 80 0
5025 78 119 0
5026 78 79 0
5027 78 79 0
5028 78 95 0
5029 78 153 0
5030 78 112 0
5031 78 83 0
5032 78 79 0
5033 78 87 0
5034 78 81 0
5035 78 153 0
5036 78 87 0
5037 78 80 0
5038 79 80 0
5039 79 81 0
5040 79 82 0
5041 79 86 0
5042 79 83 0
5043 79 82 0
5044 79 82 0
5045 79 80 0
5046 79 87 0
5047 79 85 0
5048 79 96 0
5049 79 80 0
5050 79 82 0
5051 79 84 0
5052 79 153 0
5053 79 91 0
5054 79 81 0
5055 79 80 0
5056 79 85 0
5057 79 82 0
5058 79 87 0
5059 79 82 0
5060 79 81 0
5061 79 87 0
5062 79 110 0
5063 79 80 0
5064 79 81 0
5065 79 87 0
5066 79 153 0
5067 79 80 0
5068 79 80 0
5069 79 80 0
5070 79 83 0
5071 79 83 0
5072 79 80 0
5073 79 82 0
5074 79 80 0
5075 79 81 0
5076 79 106 0
5077 79 80 0
5078 79 95 0
5079 79 153 0
5080 80 81 0
5081 80 81 0
5082 80 94 0
5083 80 81 0
5084 80 94 0
5085 80 81 0
5086 80 95 0
5087 80 130 0
5088 80 87 0
5089 80 87 0
5090 80 85 0
5091 80 82 0
5092 80 153 0
5093 80 81 0
5094 80 81 0
5095 80 90 0
5096 80 81 0
5097 80 81 0
5098 80 105 0
5099 80 81 0
5100 80 153 0
5101 80 107 0
5102 80 119 0
5103 80 128 0
5104 80 86 0
5105 80 153 0
5106 80 86 0
5107 80 108 0
5108 80 81 0
5109 80 83 0
5110 80 82 0
5111 80 83 0
5112 80 87 0
5113 80 81 0
5114 80 82 0
5115 80 81 0
5116 80 83 0
5117 80 84 0
5118 81 142 0
5119 81 83 0
5120 81 82 0
5121 81 98 0
5122 81 89 0
5123 81 83 0
5124 81 82 0
5125 81 86 0
5126 81 150 0
5127 81 122 0
5128 81 153 0
5129 81 90 0
5130 81 83 0
5131 81 114 0
5132 81 84 0
5133 81 82 0
5134 81 92 0
5135 81 135 0
5136 81 93 0
5137 81 153 0
5138 81 84 0
5139 81 83 0
5140 81 89 0
5141 81 82 0
5142 81 85 0
5143 81 83 0
5144 81 83 0
5145 81 82 0
5146 81 144 0
5147 81 87 0
5148 81 82 0
5149 81 84 0
5150 81 93 0
5151 82 84 0
5152 82 153 0
5153 82 119 0
5154 82 146 0
5155 82 103 0
5156 82 86 0
5157 82 112 0
5158 82 83 0
5159 82 83 0
5160 82 85 0
5161 82 83 0
5162 82 85 0
5163 82 84 0
5164 82 84 0
5165 82 89 0
5166 82 83 0
5167 82 89 0
5168 82 83 0
5169 82 153 0
5170 82 93 0
5171 82 88 0
5172 82 85 0
5173 82 88 0
5174 82 115 0
5175 82 153 0
5176 82 83 0
5177 82 87 0
5178 82 89 0
5179 82 89 0
5180 82 83 0
5181 82 88 0
5182 82 85 0
5183 82 83 0
5184 82 104 0
5185 83 88 0
5186 83 153 0
5187 83 153 0
5188 83 98 0
5189 83 86 0
5190 83 144 0
5191 83 153 0
5192 83 87 0
5193 83 90 0
5194 83 84 0
5195 83 153 0
5196 83 97 0
5197 83 85 0
5198 83 92 0
5199 83 85 0
5200 83 84 0
5201 83 87 0
5202 83 144 0
5203 83 84 0
5204 83 150 0
5205 83 86 0
5206 83 88 0
5207 83 91 0
5208 83 139 0
5209 83 84 0
5210 83 85 0
5211 83 87 0
5212 83 85 0
5213 83 87 0
5214 83 85 0
5215 83 100 0
5216 83 87 0
5217 83 88 0
5218 83 89 0
5219 83 87 0
5220 83 128 0
5221 83 93 0
5222 83 85 0
5223 83 84 0
5224 83 84 0
5225 83 88 0
5226 83 114 0
5227 83 84 0
5228 83 85 0
5229 83 108 0
5230 83 86 0
5231 83 85 0
5232 84 85 0
5233 84 85 0
5234 84 86 0
5235 84 97 0
5236 84 85 0
5237 84 85 0
5238 84 85 0
5239 84 153 0
5240 84 85 0
5241 84 98 0
5242 84 153 0
5243 84 153 0
5244 84 88 0
5245 84 85 0
5246 84 86 0
5247 84 136 0
5248 84 85 0
5249 84 85 0
5250 84 88 0
5251 84 85 0
5252 84 88 0
5253 84 85 0
5254 84 85 0
5255 84 86 0
5256 84 87 0
5257 84 97 0
5258 84 85 0
5259 84 89 0
5260 84 96 0
5261 84 95 0
5262 84 85 0
5263 84 153 0
5264 84 85 0
5265 84 85 0
5266 84 85 0
5267 84 85 0
5268 84 93 0
5269 84 90 0
5270 84 86 0
5271 84 91 0
5272 84 87 0
5273 84 90 0
5274 84 153 0
5275 84 118 0
5276 84 87 0
5277 85 87 0
5278 85 90 0
5279 85 88 0
5280 85 95 0
5281 85 153 0
5282 85 100 0
5283 85 86 0
5284 85 103 0
5285 85 87 0
5286 85 153 0
5287 85 89 0
5288 85 89 0
5289 85 99 0
5290 85 89 0
5291 85 97 0
5292 85 92 0
5293 85 86 0
5294 85 86 0
5295 85 86 0
5296 85 90 0
5297 85 86 0
5298 85 87 0
5299 85 86 0
5300 85 86 0
5301 85 153 0
5302 85 99 0
5303 86 89 0
5304 86 87 0
5305 86 87 0
5306 86 107 0
5307 86 153 0
5308 86 125 0
5309 86 89 0
5310 86 91 0
5311 86 88 0
5312 86 98 0
5313 86 97 0
5314 86 88 0
5315 86 91 0
5316 86 89 0
5317 86 93 0
5318 86 90 0
5319 86 91 0
5320 86 151 0
5321 86 91 0
5322 86 88 0
5323 86 105 0
5324 86 89 0
5325 86 153 0
5326 86 89 0
5327 86 153 0
5328 86 89 0
5329 86 87 0
5330 86 88 0
5331 86 119 0
5332 86 109 0
5333 86 89 0
5334 86 153 0
5335 86 153 0
5336 86 153 0
5337 86 108 0
5338 87 149 0
5339 87 91 0
5340 87 89 0
5341 87 88 0
5342 87 115 0
5343 87 153 0
5344 87 89 0
5345 87 153 0
5346 87 120 0
5347 87 88 0
5348 87 88 0
5349 87 90 0
5350 87 88 0
5351 87 92 0
5352 87 142 0
5353 87 88 0
5354 87 97 0
5355 87 147 0
5356 87 93 0
5357 87 146 0
5358 87 153 0
5359 87 153 0
5360 87 115 0
5361 87 99 0
5362 87 89 0
5363 87 101 0
5364 87 88 0
5365 87 89 0
5366 87 99 0
5367 88 91 0
5368 88 153 0
5369 88 94 0
5370 88 101 0
5371 88 114 0
5372 88 90 0
5373 88 107 0
5374 88 104 0
5375 88 141 0
5376 88 94 0
5377 88 90 0
5378 88 89 0
5379 88 94 0
5380 88 100 0
5381 88 90 0
5382 88 89 0
5383 88 153 0
5384 88 90 0
5385 88 98 0
5386 88 90 0
5387 88 93 0
5388 88 89 0
5389 88 90 0
5390 88 106 0
5391 88 96 0
5392 88 92 0
5393 88 92 0
5394 88 92 0
5395 88 89 0
5396 88 90 0
5397 88 113 0
5398 88 98 0
5399 88 153 0
5400 88 89 0
5401 88 92 0
5402 88 109 0
5403 88 91 0
5404 88 90 0
5405 88 89 0
5406 89 101 0
5407 89 90 0
5408 89 90 0
5409 89 91 0
5410 89 92 0
5411 89 96 0
5412 89 120 0
5413 89 93 0
5414 89 153 0
5415 89 153 0
5416 89 105 0
5417 89 92 0
5418 89 153 0
5419 89 124 0
5420 89 93 0
5421 89 96 0
5422 89 95 0
5423 89 95 0
5424 89 90 0
5425 89 96 0
5426 89 91 0
5427 89 93 0
5428 89 94 0
5429 89 116 0
5430 89 93 0
5431 89 92 0
5432 89 93 0
5433 89 153 0
5434 89 98 0
5435 89 90 0
5436 89 90 0
5437 89 90 0
5438 89 107 0
5439 89 153 0
5440 90 92 0
5441 90 99 0
5442 90 94 0
5443 90 94 0
5444 90 95 0
5445 90 95 0
5446 90 149 0
5447 90 103 0
5448 90 91 0
5449 90 132 0
5450 90 153 0
5451 90 92 0
5452 90 91 0
5453 90 95 0
5454 90 91 0
5455 90 153 0
5456 90 93 0
5457 90 91 0
5458 90 153 0
5459 90 120 0
5460 90 105 0
5461 90 101 0
5462 90 95 0
5463 90 91 0
5464 90 92 0
5465 90 92 0
5466 90 99 0
5467 90 93 0
5468 90 91 0
5469 90 94 0
5470 90 91 0
5471 90 92 0
5472 90 97 0
5473 90 111 0
5474 90 114 0
5475 90 153 0
5476 90 121 0
5477 90 92 0
5478 90 92 0
5479 90 123 0
5480 90 102 0
5481 90 96 0
5482 90 91 0
5483 90 93 0
5484 90 93 0
5485 90 94 0
5486 91 93 0
5487 91 92 0
5488 91 117 0
5489 91 93 0
5490 91 96 0
5491 91 153 0
5492 91 92 0
5493 91 94 0
5494 91 97 0
5495 91 93 0
5496 91 92 0
5497 91 96 0
5498 91 130 0
5499 91 92 0
5500 91 101 0
5501 91 92 0
5502 91 92 0
5503 91 92 0
5504 91 106 0
5505 91 92 0
5506 91 94 0
5507 91 153 0
5508 91 92 0
5509 91 94 0
5510 91 93 0
5511 91 92 0
5512 91 94 0
5513 91 98 0
5514 92 97 0
5515 92 93 0
5516 92 93 0
5517 92 101 0
5518 92 95 0
5519 92 153 0
5520 92 93 0
5521 92 100 0
5522 92 93 0
5523 92 100 0
5524 92 94 0
5525 92 93 0
5526 92 120 0
5527 92 130 0
5528 92 95 0
5529 92 106 0
5530 92 95 0
5531 92 93 0
5532 92 94 0
5533 92 142 0
5534 92 93 0
5535 92 94 0
5536 92 93 0
5537 92 93 0
5538 92 96 0
5539 92 93 0
5540 92 93 0
5541 92 99 0
5542 92 93 0
5543 92 141 0
5544 92 103 0
5545 92 95 0
5546 92 133 0
5547 92 93 0
5548 92 153 0
5549 92 94 0
5550 92 153 0
5551 92 153 0
5552 92 93 0
5553 93 153 0
5554 93 95 0
5555 93 96 0
5556 93 95 0
5557 93 117 0
5558 93 101 0
5559 93 99 0
5560 93 96 0
5561 93 104 0
5562 93 102 0
5563 93 153 0
5564 93 100 0
5565 93 94 0
5566 93 95 0
5567 93 101 0
5568 93 153 0
5569 93 107 0
5570 93 103 0
5571 93 94 0
5572 93 100 0
5573 93 97 0
5574 93 103 0
5575 93 94 0
5576 93 97 0
5577 93 95 0
5578 93 153 0
5579 93 96 0
5580 93 94 0
5581 93 111 0
5582 93 153 0
5583 93 100 0
5584 93 97 0
5585 93 100 0
5586 94 99 0
5587 94 153 0
5588 94 97 0
5589 94 113 0
5590 94 95 0
5591 94 97 0
5592 94 153 0
5593 94 96 0
5594 94 103 0
5595 94 97 0
5596 94 95 0
5597 94 95 0
5598 94 153 0
5599 94 100 0
5600 94 128 0
5601 94 99 0
5602 94 137 0
5603 94 96 0
5604 94 96 0
5605 94 106 0
5606 94 111 0
5607 94 100 0
5608 94 112 0
5609 94 102 0
5610 94 97 0
5611 94 97 0
5612 94 108 0
5613 95 117 0
5614 95 96 0
5615 95 98 0
5616 95 97 0
5617 95 108 0
5618 95 150 0
5619 95 98 0
5620 95 103 0
5621 95 99 0
5622 95 96 0
5623 95 96 0
5624 95 105 0
5625 95 97 0
5626 95 153 0
5627 95 99 0
5628 95 96 0
5629 95 96 0
5630 95 123 0
5631 95 99 0
5632 95 113 0
5633 95 120 0
5634 95 96 0
5635 95 116 0
5636 95 96 0
5637 95 104 0
5638 95 99 0
5639 95 97 0
5640 95 99 0
5641 95 98 0
5642 95 97 0
5643 95 96 0
5644 95 101 0
5645 95 97 0
5646 95 101 0
5647 96 97 0
5648 96 97 0
5649 96 98 0
5650 96 153 0
5651 96 99 0
5652 96 127 0
5653 96 97 0
5654 96 97 0
5655 96 98 0
5656 96 99 0
5657 96 116 0
5658 96 98 0
5659 96 98 0
5660 96 97 0
5661 96 138 0
5662 96 98 0
5663 96 99 0
5664 96 101 0
5665 96 153 0
5666 96 106 0
5667 96 98 0
5668 96 98 0
5669 96 107 0
5670 96 97 0
5671 96 98 0
5672 96 101 0
5673 96 97 0
5674 96 107 0
5675 96 153 0
5676 96 109 0
5677 96 132 0
5678 97 98 0
5679 97 98 0
5680 97 99 0
5681 97 100 0
5682 97 100 0
5683 97 101 0
5684 97 112 0
5685 97 126 0
5686 97 98 0
5687 97 99 0
5688 97 99 0
5689 97 101 0
5690 97 123 0
5691 97 98 0
5692 97 101 0
5693 97 101 0
5694 97 115 0
5695 97 98 0
5696 97 102 0
5697 97 129 0
5698 97 113 0
5699 97 102 0
5700 97 110 0
5701 97 103 0
5702 97 104 0
5703 97 145 0
5704 97 98 0
5705 97 98 0
5706 98 99 0
5707 98 99 0
5708 98 101 0
5709 98 99 0
5710 98 111 0
5711 98 99 0
5712 98 99 0
5713 98 101 0
5714 98 109 0
5715 98 101 0
5716 98 153 0
5717 98 122 0
5718 98 108 0
5719 98 99 0
5720 98 106 0
5721 98 104 0
5722 98 106 0
5723 98 99 0
5724 98 153 0
5725 98 107 0
5726 98 102 0
5727 98 153 0
5728 98 99 0
5729 99 101 0
5730 99 106 0
5731 99 103 0
5732 99 100 0
5733 99 105 0
5734 99 105 0
5735 99 131 0
5736 99 100 0
5737 99 106 0
5738 99 153 0
5739 99 103 0
5740 99 104 0
5741 99 104 0
5742 99 153 0
5743 99 108 0
5744 99 153 0
5745 99 105 0
5746 99 100 0
5747 99 100 0
5748 99 153 0
5749 99 109 0
5750 99 100 0
5751 99 105 0
5752 100 106 0
5753 100 120 0
5754 100 102 0
5755 100 103 0
5756 100 106 0
5757 100 104 0
5758 100 101 0
5759 100 101 0
5760 100 101 0
5761 100 153 0
5762 100 108 0
5763 100 111 0
5764 100 107 0
5765 100 104 0
5766 100 111 0
5767 100 118 0
5768 100 101 0
5769 100 101 0
5770 100 101 0
5771 100 101 0
5772 100 101 0
5773 100 129 0
5774 100 107 0
5775 100 101 0
5776 100 106 0
5777 100 108 0
5778 100 101 0
5779 100 104 0
5780 100 116 0
5781 100 106 0
5782 100 107 0
5783 100 103 0
5784 101 111 0
5785 101 103 0
5786 101 117 0
5787 101 103 0
5788 101 153 0
5789 101 102 0
5790 101 102 0
5791 101 105 0
5792 101 111 0
5793 101 120 0
5794 101 102 0
5795 101 104 0
5796 101 110 0
5797 101 114 0
5798 101 105 0
5799 101 103 0
5800 101 103 0
5801 101 102 0
5802 101 105 0
5803 101 104 0
5804 101 107 0
5805 101 153 0
5806 101 105 0
5807 101 102 0
5808 101 153 0
5809 101 104 0
5810 101 110 0
5811 101 108 0
5812 101 130 0
5813 101 107 0
5814 101 102 0
5815 101 107 0
5816 102 108 0
5817 102 105 0
5818 102 111 0
5819 102 111 0
5820 102 104 0
5821 102 104 0
5822 102 104 0
5823 102 153 0
5824 102 153 0
5825 102 121 0
5826 102 110 0
5827 102 103 0
5828 102 103 0
5829 102 104 0
5830 102 126 0
5831 102 106 0
5832 102 103 0
5833 102 104 0
5834 102 103 0
5835 102 105 0
5836 102 111 0
5837 102 104 0
5838 102 103 0
5839 102 118 0
5840 102 153 0
5841 102 106 0
5842 102 103 0
5843 102 105 0
5844 102 104 0
5845 102 135 0
5846 102 109 0
5847 103 111 0
5848 103 114 0
5849 103 153 0
5850 103 114 0
5851 103 105 0
5852 103 109 0
5853 103 105 0
5854 103 116 0
5855 103 105 0
5856 103 124 0
5857 103 121 0
5858 103 132 0
5859 103 110 0
5860 103 153 0
5861 103 107 0
5862 103 123 0
5863 103 107 0
5864 103 137 0
5865 103 104 0
5866 103 104 0
5867 103 110 0
5868 103 104 0
5869 103 107 0
5870 104 105 0
5871 104 106 0
5872 104 153 0
5873 104 108 0
5874 104 153 0
5875 104 105 0
5876 104 109 0
5877 104 129 0
5878 104 134 0
5879 104 107 0
5880 104 106 0
5881 104 105 0
5882 104 113 0
5883 104 106 0
5884 104 111 0
5885 104 105 0
5886 104 130 0
5887 104 153 0
5888 104 120 0
5889 104 105 0
5890 104 105 0
5891 104 107 0
5892 104 153 0
5893 104 113 0
5894 104 143 0
5895 104 119 0
5896 104 105 0
5897 104 111 0
5898 104 106 0
5899 104 123 0
5900 104 111 0
5901 104 125 0
5902 104 105 0
5903 104 109 0
5904 104 105 0
5905 105 110 0
5906 105 153 0
5907 105 108 0
5908 105 151 0
5909 105 107 0
5910 105 153 0
5911 105 106 0
5912 105 107 0
5913 105 111 0
5914 105 126 0
5915 105 106 0
5916 105 110 0
5917 105 107 0
5918 105 135 0
5919 105 108 0
5920 105 153 0
5921 105 153 0
5922 105 106 0
5923 105 106 0
5924 105 108 0
5925 105 108 0
5926 105 153 0
5927 105 121 0
5928 105 107 0
5929 105 112 0
5930 105 153 0
5931 105 107 0
5932 105 120 0
5933 105 107 0
5934 105 123 0
5935 105 107 0
5936 105 106 0
5937 105 112 0
5938 105 108 0
5939 105 113 0
5940 105 111 0
5941 106 107 0
5942 106 153 0
5943 106 113 0
5944 106 111 0
5945 106 130 0
5946 106 114 0
5947 106 107 0
5948 106 153 0
5949 106 111 0
5950 106 111 0
5951 106 109 0
5952 106 137 0
5953 106 111 0
5954 106 107 0
5955 106 117 0
5956 106 107 0
5957 106 112 0
5958 106 111 0
5959 106 108 0
5960 106 107 0
5961 106 116 0
5962 106 153 0
5963 106 108 0
5964 106 130 0
5965 106 112 0
5966 106 107 0
5967 107 116 0
5968 107 108 0
5969 107 110 0
5970 107 108 0
5971 107 108 0
5972 107 140 0
5973 107 148 0
5974 107 122 0
5975 107 153 0
5976 107 108 0
5977 107 108 0
5978 107 108 0
5979 107 108 0
5980 107 110 0
5981 107 139 0
5982 107 109 0
5983 107 111 0
5984 107 137 0
5985 107 112 0
5986 107 115 0
5987 107 109 0
5988 107 109 0
5989 107 108 0
5990 107 108 0
5991 107 114 0
5992 107 110 0
5993 107 108 0
5994 107 117 0
5995 107 112 0
5996 107 109 0
5997 108 109 0
5998 108 111 0
5999 108 111 0
6000 108 116 0
6001 108 153 0
6002 108 109 0
6003 108 111 0
6004 108 109 0
6005 108 116 0
6006 108 111 0
6007 108 114 0
6008 108 118 0
6009 108 117 0
6010 108 109 0
6011 108 114 0
6012 108 109 0
6013 108 153 0
6014 108 112 0
6015 108 132 0
6016 108 139 0
6017 108 115 0
6018 108 134 0
6019 108 153 0
6020 108 112 0
6021 108 113 0
6022 108 115 0
6023 109 110 0
6024 109 110 0
6025 109 111 0
6026 109 114 0
6027 109 114 0
6028 109 113 0
6029 109 125 0
6030 109 110 0
6031 109 110 0
6032 109 110 0
6033 109 111 0
6034 109 116 0
6035 109 129 0
6036 109 111 0
6037 109 111 0
6038 109 110 0
6039 109 110 0
6040 109 113 0
6041 109 153 0
6042 109 114 0
6043 109 153 0
6044 109 153 0
6045 109 112 0
6046 110 111 0
6047 110 117 0
6048 110 114 0
6049 110 111 0
6050 110 115 0
6051 110 117 0
6052 110 111 0
6053 110 111 0
6054 110 113 0
6055 110 118 0
6056 110 113 0
6057 110 115 0
6058 110 112 0
6059 110 111 0
6060 110 115 0
6061 110 112 0
6062 110 112 0
6063 110 111 0
6064 110 111 0
6065 110 145 0
6066 110 117 0
6067 110 127 0
6068 110 115 0
6069 110 111 0
6070 110 115 0
6071 110 112 0
6072 110 113 0
6073 110 150 0
6074 111 112 0
6075 111 153 0
6076 111 115 0
6077 111 120 0
6078 111 112 0
6079 111 114 0
6080 111 113 0
6081 111 118 0
6082 111 112 0
6083 111 114 0
6084 111 112 0
6085 111 133 0
6086 111 113 0
6087 111 119 0
6088 111 112 0
6089 111 153 0
6090 111 114 0
6091 111 117 0
6092 111 130 0
6093 111 153 0
6094 111 118 0
6095 111 116 0
6096 111 117 0
6097 111 149 0
6098 111 114 0
6099 111 118 0
6100 111 153 0
6101 111 112 0
6102 111 153 0
6103 112 150 0
6104 112 114 0
6105 112 125 0
6106 112 114 0
6107 112 113 0
6108 112 114 0
6109 112 117 0
6110 112 114 0
6111 112 153 0
6112 112 114 0
6113 112 116 0
6114 112 153 0
6115 112 113 0
6116 112 113 0
6117 112 118 0
6118 112 115 0
6119 112 122 0
6120 113 116 0
6121 113 115 0
6122 113 114 0
6123 113 119 0
6124 113 119 0
6125 113 114 0
6126 113 117 0
6127 113 114 0
6128 113 117 0
6129 113 146 0
6130 113 118 0
6131 113 114 0
6132 113 121 0
6133 113 114 0
6134 113 117 0
6135 113 114 0
6136 113 123 0
6137 113 153 0
6138 113 114 0
6139 113 153 0
6140 113 115 0
6141 113 118 0
6142 113 114 0
6143 113 153 0
6144 113 153 0
6145 113 114 0
6146 113 124 0
6147 113 118 0
6148 113 127 0
6149 113 149 0
6150 114 116 0
6151 114 118 0
6152 114 122 0
6153 114 115 0
6154 114 116 0
6155 114 121 0
6156 114 135 0
6157 114 120 0
6158 114 116 0
6159 114 115 0
6160 114 153 0
6161 114 122 0
6162 114 119 0
6163 114 115 0
6164 114 123 0
6165 114 120 0
6166 114 135 0
6167 114 124 0
6168 114 115 0
6169 114 153 0
6170 114 119 0
6171 115 119 0
6172 115 118 0
6173 115 116 0
6174 115 149 0
6175 115 116 0
6176 115 120 0
6177 115 116 0
6178 115 153 0
6179 115 117 0
6180 115 143 0
6181 115 116 0
6182 115 116 0
6183 115 118 0
6184 115 116 0
6185 115 130 0
6186 115 117 0
6187 115 128 0
6188 115 132 0
6189 115 153 0
6190 116 153 0
6191 116 124 0
6192 116 117 0
6193 116 127 0
6194 116 153 0
6195 116 118 0
6196 116 117 0
6197 116 123 0
6198 116 125 0
6199 116 117 0
6200 116 119 0
6201 116 135 0
6202 116 122 0
6203 116 122 0
6204 116 129 0
6205 116 117 0
6206 116 119 0
6207 116 137 0
6208 116 132 0
6209 116 126 0
6210 116 153 0
6211 116 117 0
6212 116 137 0
6213 116 117 0
6214 116 153 0
6215 116 118 0
6216 116 124 0
6217 116 117 0
6218 116 118 0
6219 116 140 0
6220 116 117 0
6221 116 118 0
6222 117 125 0
6223 117 153 0
6224 117 131 0
6225 117 122 0
6226 117 132 0
6227 117 129 0
6228 117 130 0
6229 117 120 0
6230 117 153 0
6231 117 142 0
6232 117 118 0
6233 117 118 0
6234 117 124 0
6235 117 120 0
6236 117 121 0
6237 117 133 0
6238 117 129 0
6239 117 129 0
6240 117 133 0
6241 117 119 0
6242 117 123 0
6243 117 129 0
6244 117 153 0
6245 117 121 0
6246 118 127 0
6247 118 137 0
6248 118 119 0
6249 118 120 0
6250 118 119 0
6251 118 119 0
6252 118 153 0
6253 118 119 0
6254 118 153 0
6255 118 120 0
6256 118 125 0
6257 118 153 0
6258 118 120 0
6259 118 124 0
6260 118 120 0
6261 118 149 0
6262 118 119 0
6263 118 142 0
6264 118 119 0
6265 118 126 0
6266 118 123 0
6267 119 122 0
6268 119 122 0
6269 119 123 0
6270 119 122 0
6271 119 120 0
6272 119 141 0
6273 119 142 0
6274 119 120 0
6275 119 147 0
6276 119 130 0
6277 119 126 0
6278 119 120 0
6279 119 122 0
6280 119 120 0
6281 119 121 0
6282 119 139 0
6283 119 121 0
6284 119 123 0
6285 119 140 0
6286 119 153 0
6287 120 138 0
6288 120 123 0
6289 120 143 0
6290 120 121 0
6291 120 123 0
6292 120 121 0
6293 120 125 0
6294 120 121 0
6295 120 152 0
6296 120 124 0
6297 120 123 0
6298 120 135 0
6299 120 121 0
6300 120 153 0
6301 120 125 0
6302 120 121 0
6303 120 126 0
6304 120 139 0
6305 120 153 0
6306 121 122 0
6307 121 122 0
6308 121 124 0
6309 121 131 0
6310 121 123 0
6311 121 139 0
6312 121 122 0
6313 121 129 0
6314 121 122 0
6315 121 122 0
6316 121 124 0
6317 121 153 0
6318 121 123 0
6319 121 123 0
6320 121 127 0
6321 121 122 0
6322 121 123 0
6323 121 122 0
6324 121 122 0
6325 121 122 0
6326 121 123 0
6327 121 125 0
6328 121 126 0
6329 122 123 0
6330 122 147 0
6331 122 138 0
6332 122 127 0
6333 122 123 0
6334 122 125 0
6335 122 124 0
6336 122 132 0
6337 122 138 0
6338 122 133 0
6339 122 127 0
6340 122 130 0
6341 122 130 0
6342 122 127 0
6343 122 146 0
6344 122 123 0
6345 122 123 0
6346 122 123 0
6347 122 123 0
6348 122 129 0
6349 123 124 0
6350 123 124 0
6351 123 135 0
6352 123 124 0
6353 123 128 0
6354 123 124 0
6355 123 127 0
6356 123 125 0
6357 123 124 0
6358 123 124 0
6359 123 153 0
6360 123 124 0
6361 123 147 0
6362 123 133 0
6363 123 125 0
6364 123 126 0
6365 123 140 0
6366 124 131 0
6367 124 126 0
6368 124 127 0
6369 124 125 0
6370 124 153 0
6371 124 130 0
6372 124 125 0
6373 124 125 0
6374 124 127 0
6375 124 132 0
6376 124 133 0
6377 124 132 0
6378 124 128 0
6379 124 153 0
6380 124 144 0
6381 124 129 0
6382 124 127 0
6383 124 127 0
6384 124 148 0
6385 124 125 0
6386 124 134 0
6387 124 126 0
6388 124 127 0
6389 124 136 0
6390 124 130 0
6391 124 129 0
6392 124 126 0
6393 124 125 0
6394 124 153 0
6395 124 149 0
6396 125 135 0
6397 125 150 0
6398 125 126 0
6399 125 132 0
6400 125 130 0
6401 125 126 0
6402 125 138 0
6403 125 132 0
6404 125 126 0
6405 125 131 0
6406 125 129 0
6407 125 127 0
6408 125 134 0
6409 125 127 0
6410 125 129 0
6411 125 127 0
6412 125 126 0
6413 125 128 0
6414 125 129 0
6415 125 127 0
6416 126 135 0
6417 126 129 0
6418 126 127 0
6419 126 127 0
6420 126 129 0
6421 126 129 0
6422 126 153 0
6423 126 153 0
6424 126 137 0
6425 126 127 0
6426 126 127 0
6427 126 127 0
6428 126 132 0
6429 126 127 0
6430 126 130 0
6431 126 127 0
6432 126 153 0
6433 126 128 0
6434 126 128 0
6435 127 131 0
6436 127 143 0
6437 127 153 0
6438 127 131 0
6439 127 130 0
6440 127 153 0
6441 127 153 0
6442 127 130 0
6443 127 128 0
6444 127 132 0
6445 127 136 0
6446 127 129 0
6447 127 136 0
6448 127 128 0
6449 127 128 0
6450 127 131 0
6451 127 129 0
6452 127 153 0
6453 127 132 0
6454 127 128 0
6455 127 134 0
6456 127 129 0
6457 127 153 0
6458 127 135 0
6459 127 153 0
6460 127 131 0
6461 127 128 0
6462 128 129 0
6463 128 148 0
6464 128 146 0
6465 128 130 0
6466 128 146 0
6467 128 130 0
6468 128 153 0
6469 128 153 0
6470 128 131 0
6471 128 131 0
6472 128 153 0
6473 128 132 0
6474 128 129 0
6475 128 153 0
6476 128 137 0
6477 128 153 0
6478 128 131 0
6479 128 152 0
6480 129 143 0
6481 129 130 0
6482 129 135 0
6483 129 135 0
6484 129 130 0
6485 129 131 0
6486 129 131 0
6487 129 130 0
6488 129 130 0
6489 129 131 0
6490 129 149 0
6491 129 130 0
6492 129 137 0
6493 129 138 0
6494 129 131 0
6495 129 135 0
6496 129 130 0
6497 129 153 0
6498 129 130 0
6499 129 134 0
6500 129 140 0
6501 129 137 0
6502 129 133 0
6503 129 131 0
6504 129 153 0
6505 129 133 0
6506 129 130 0
6507 130 147 0
6508 130 153 0
6509 130 134 0
6510 130 131 0
6511 130 140 0
6512 130 149 0
6513 130 133 0
6514 130 148 0
6515 130 137 0
6516 130 131 0
6517 130 142 0
6518 130 153 0
6519 130 132 0
6520 131 151 0
6521 131 153 0
6522 131 136 0
6523 131 132 0
6524 131 148 0
6525 131 135 0
6526 131 153 0
6527 131 132 0
6528 131 133 0
6529 131 132 0
6530 131 132 0
6531 131 136 0
6532 131 150 0
6533 131 149 0
6534 131 133 0
6535 131 153 0
6536 131 147 0
6537 131 146 0
6538 131 132 0
6539 131 132 0
6540 131 153 0
6541 132 135 0
6542 132 134 0
6543 132 140 0
6544 132 142 0
6545 132 153 0
6546 132 133 0
6547 132 153 0
6548 132 153 0
6549 132 142 0
6550 132 136 0
6551 132 148 0
6552 132 133 0
6553 132 142 0
6554 132 133 0
6555 132 144 0
6556 132 133 0
6557 132 139 0
6558 132 136 0
6559 132 139 0
6560 132 134 0
6561 132 151 0
6562 132 135 0
6563 132 133 0
6564 133 137 0
6565 133 143 0
6566 133 134 0
6567 133 135 0
6568 133 137 0
6569 133 147 0
6570 133 134 0
6571 133 135 0
6572 133 152 0
6573 133 135 0
6574 133 138 0
6575 133 135 0
6576 133 153 0
6577 133 153 0
6578 133 135 0
6579 133 139 0
6580 134 153 0
6581 134 145 0
6582 134 135 0
6583 134 135 0
6584 134 139 0
6585 134 145 0
6586 134 136 0
6587 134 136 0
6588 134 141 0
6589 134 137 0
6590 134 142 0
6591 134 136 0
6592 134 141 0
6593 134 152 0
6594 134 135 0
6595 134 147 0
6596 134 136 0
6597 134 138 0
6598 134 144 0
6599 134 135 0
6600 134 136 0
6601 134 135 0
6602 134 136 0
6603 134 136 0
6604 134 136 0
6605 134 149 0
6606 135 136 0
6607 135 136 0
6608 135 140 0
6609 135 137 0
6610 135 136 0
6611 135 141 0
6612 135 138 0
6613 135 137 0
6614 135 137 0
6615 135 153 0
6616 135 139 0
6617 135 153 0
6618 135 140 0
6619 135 149 0
6620 136 153 0
6621 136 153 0
6622 136 138 0
6623 136 138 0
6624 136 141 0
6625 136 137 0
6626 136 140 0
6627 136 137 0
6628 136 144 0
6629 136 137 0
6630 136 138 0
6631 136 153 0
6632 136 137 0
6633 136 137 0
6634 136 140 0
6635 136 138 0
6636 136 137 0
6637 136 139 0
6638 137 139 0
6639 137 152 0
6640 137 138 0
6641 137 143 0
6642 137 153 0
6643 137 138 0
6644 137 149 0
6645 137 139 0
6646 137 144 0
6647 137 141 0
6648 137 153 0
6649 137 153 0
6650 137 142 0
6651 137 140 0
6652 137 151 0
6653 137 138 0
6654 137 142 0
6655 137 140 0
6656 137 140 0
6657 137 153 0
6658 137 139 0
6659 137 140 0
6660 137 138 0
6661 137 144 0
6662 137 141 0
6663 137 147 0
6664 137 143 0
6665 138 140 0
6666 138 140 0
6667 138 140 0
6668 138 143 0
6669 138 141 0
6670 138 139 0
6671 138 142 0
6672 138 140 0
6673 138 153 0
6674 138 144 0
6675 138 153 0
6676 138 153 0
6677 138 144 0
6678 138 140 0
6679 138 140 0
6680 138 141 0
6681 138 140 0
6682 139 141 0
6683 139 148 0
6684 139 140 0
6685 139 153 0
6686 139 142 0
6687 139 140 0
6688 139 153 0
6689 139 144 0
6690 139 143 0
6691 139 147 0
6692 139 147 0
6693 139 147 0
6694 139 140 0
6695 139 146 0
6696 139 147 0
6697 139 140 0
6698 139 140 0
6699 139 141 0
6700 139 153 0
6701 139 141 0
6702 139 141 0
6703 139 142 0
6704 139 150 0
6705 139 149 0
6706 139 140 0
6707 140 151 0
6708 140 142 0
6709 140 145 0
6710 140 153 0
6711 140 151 0
6712 140 144 0
6713 140 143 0
6714 140 153 0
6715 140 142 0
6716 140 142 0
6717 140 141 0
6718 140 142 0
6719 140 141 0
6720 140 148 0
6721 140 141 0
6722 140 151 0
6723 140 153 0
6724 140 153 0
6725 141 153 0
6726 141 142 0
6727 141 147 0
6728 141 145 0
6729 141 153 0
6730 141 143 0
6731 141 153 0
6732 141 142 0
6733 141 149 0
6734 141 142 0
6735 141 153 0
6736 141 148 0
6737 141 142 0
6738 141 148 0
6739 141 143 0
6740 141 148 0
6741 141 148 0
6742 142 153 0
6743 142 146 0
6744 142 144 0
6745 142 145 0
6746 142 143 0
6747 142 145 0
6748 142 143 0
6749 142 145 0
6750 142 153 0
6751 142 153 0
6752 142 147 0
6753 142 144 0
6754 142 149 0
6755 142 143 0
6756 142 153 0
6757 142 153 0
6758 142 146 0
6759 142 143 0
6760 142 148 0
6761 142 146 0
6762 142 153 0
6763 142 151 0
6764 142 153 0
6765 142 144 0
6766 142 147 0
6767 143 153 0
6768 143 153 0
6769 143 144 0
6770 143 144 0
6771 143 153 0
6772 143 153 0
6773 143 145 0
6774 143 144 0
6775 143 153 0
6776 143 151 0
6777 143 144 0
6778 143 153 0
6779 143 152 0
6780 143 153 0
6781 143 144 0
6782 143 147 0
6783 143 144 0
6784 143 144 0
6785 143 148 0
6786 143 144 0
6787 143 153 0
6788 143 153 0
6789 143 153 0
6790 144 147 0
6791 144 151 0
6792 144 145 0
6793 144 145 0
6794 144 149 0
6795 144 146 0
6796 144 145 0
6797 144 146 0
6798 144 153 0
6799 144 152 0
6800 144 150 0
6801 144 153 0
6802 144 145 0
6803 144 153 0
6804 144 145 0
6805 144 145 0
6806 144 153 0
6807 144 146 0
6808 144 150 0
6809 144 145 0
6810 144 149 0
6811 144 153 0
6812 144 153 0
6813 144 146 0
6814 144 152 0
6815 144 146 0
6816 145 153 0
6817 145 147 0
6818 145 152 0
6819 145 153 0
6820 145 147 0
6821 145 153 0
6822 145 153 0
6823 145 150 0
6824 145 153 0
6825 145 146 0
6826 145 146 0
6827 145 153 0
6828 145 146 0
6829 145 146 0
6830 145 146 0
6831 145 147 0
6832 145 153 0
6833 145 146 0
6834 145 153 0
6835 145 153 0
6836 145 153 0
6837 145 147 0
6838 146 149 0
6839 146 150 0
6840 146 153 0
6841 146 153 0
6842 146 149 0
6843 146 148 0
6844 146 153 0
6845 146 147 0
6846 146 153 0
6847 146 152 0
6848 146 149 0
6849 146 147 0
6850 146 153 0
6851 147 148 0
6852 147 149 0
6853 147 148 0
6854 147 153 0
6855 147 153 0
6856 147 153 0
6857 147 153 0
6858 147 148 0
6859 147 153 0
6860 147 153 0
6861 147 150 0
6862 147 150 0
6863 147 151 0
6864 147 148 0
6865 148 153 0
6866 148 149 0
6867 148 149 0
6868 148 151 0
6869 148 153 0
6870 148 153 0
6871 148 153 0
6872 148 150 0
6873 148 153 0
6874 148 149 0
6875 148 149 0
6876 148 153 0
6877 148 149 0
6878 148 153 0
6879 148 149 0
6880 148 153 0
6881 148 152 0
6882 148 153 0
6883 148 153 0
6884 148 153 0
6885 148 152 0
6886 148 149 0
6887 149 151 0
6888 149 153 0
6889 149 150 0
6890 149 150 0
6891 149 153 0
6892 149 153 0
6893 149 152 0
6894 149 153 0
6895 149 150 0
6896 149 153 0
6897 149 153 0
6898 149 153 0
6899 149 153 0
6900 149 150 0
6901 149 153 0
6902 149 153 0
6903 149 152 0
6904 149 153 0
6905 149 153 0
6906 149 153 0
6907 149 153 0
6908 149 153 0
6909 149 150 0
6910 149 153 0
6911 149 152 0
6912 149 150 0
6913 149 153 0
6914 150 153 0
6915 150 151 0
6916 150 153 0
6917 150 153 0
6918 150 151 0
6919 150 151 0
6920 150 153 0
6921 150 153 0
6922 150 153 0
6923 150 153 0
6924 150 153 0
6925 150 153 0
6926 150 153 0
6927 150 153 0
6928 150 153 0
6929 150 153 0
6930 150 153 0
6931 151 153 0
6932 151 153 0
6933 151 152 0
6934 151 153 0
6935 151 152 0
6936 151 153 0
6937 151 152 0
6938 151 153 0
6939 151 153 0
6940 151 153 0
6941 151 153 0
6942 151 152 0
6943 151 153 0
6944 151 153 0
6945 151 153 0
6946 151 153 0
6947 151 153 0
6948 151 153 0
6949 151 153 0
6950 151 153 0
6951 151 153 0
6952 151 153 0
6953 151 153 0
6954 151 153 0
6955 152 153 0
6956 152 153 0
6957 152 153 0
6958 152 153 0
6959 152 153 0
6960 152 153 0
6961 152 153 0
6962 152 153 0
6963 152 153 0
6964 152 153 0
6965 152 153 0
6966 152 153 0
6967 152 153 0
6968 152 153 0
6969 152 153 0
6970 152 153 0
6971 152 153 0
6972 152 153 0
6973 152 153 0
6974 152 153 0
6975 152 153 0
6976 152 153 0
6977 152 153 0
6978 152 153 0
6979 152 153 0
