Database Name	Phenix
Database Location	http://harmony-pc/ODA/OdaService.asmx
Evaluation Signature	a1df3b22-95c2-4fea-9b84-bd8971cc50ae
Plate Name	2024-09-16-Leo-plate-T0
Measurement	Measurement 2
Evaluation	Evaluation1

[Data]
Row	Column	Timepoint	Nuclei - Number of Objects	Nuclei - All cells - Mean per Well	Mtb - Number of Objects	Infected cells - Number of Objects	Infected cells - Total Spot Area - Mean per Well	Infected cells - Relative Spot Intensity - Mean per Well	Infected cells - Number of Spots - Mean per Well	Infected cells - Number of Spots per Area of Cell - Mean per Well	Uninfected cells - Number of Objects	Uninfected cells - Total Spot Area - Mean per Well	Uninfected cells - Relative Spot Intensity - Mean per Well	Uninfected cells - Number of Spots - Mean per Well	Uninfected cells - Number of Spots per Area of Cell - Mean per Well	Uninfected cells - Infected cells - Mean per Well	All cells - Number of Objects	All cells - Total Spot Area - Mean per Well	All cells - Relative Spot Intensity - Mean per Well	All cells - Cell Area [µm²] - Mean per Well	All cells - Cell Roundness - Mean per Well	Number of Analyzed Fields	Time [s]	Compound	Concentration	Cell Type	Cell Count
1	1	0	974	0.913757700205	63	37	67.3243243243	0.0118602530662	1.7027027027	0.000423104355562	853	0	0	0	0	0	890	2.79887640449	0.000493066700506	92.9907104947	0.969932772757	21	0
1	2	0	1292	0.93653250774	172	87	74.1034482759	0.0107244222265	1.97701149425	0.000452878128606	1123	0	0	0	0	0	1210	5.32809917355	0.000771094821243	93.3467734149	0.96827647029	21	0
1	3	0	1710	0.920467836257	83	58	55.4655172414	0.00824495046556	1.43103448276	0.000293414676733	1516	0	0	0	0	0	1574	2.04383735705	0.000303816472047	101.675000631	0.930704955133	21	0
1	4	0	1967	0.913065582105	84	53	55.679245283	0.00677800090903	1.58490566038	0.000305818334383	1743	0	0	0	0	0	1796	1.64309576837	0.000200018957783	111.401826549	0.920632799105	21	0
1	5	0	1751	0.910336950314	76	51	64.2941176471	0.0113794786623	1.49019607843	0.00030745431015	1543	0	0	0	0	0	1594	2.05708908407	0.000364086205632	95.0973254179	0.941424878644	21	0
1	6	0	638	0.918495297806	20	16	45.4375	0.00765707800096	1.25	0.000298098226267	570	0	0	0	0	0	586	1.24061433447	0.000209066976136	93.9261839388	0.94903146706	21	0
1	7	0	230	0.939130434783	4	4	57.25	0.0110865601814	1	0.000275461276033	212	0	0	0	0	0	216	1.06018518519	0.000205306670026	66.0424466536	0.872711788123	21	0
1	8	0	159	0.924528301887	3	3	21.6666666667	0.00729919028659	1	0.000380548726146	144	0	0	0	0	0	147	0.442176870748	0.000148963067073	71.5859917162	0.853780157678	21	0
1	9	0	698	0.893982808023	120	92	45.4130434783	0.00743421805858	1.30434782609	0.000284536292898	532	0	0	0	0	0	624	6.69551282051	0.0010960706112	85.747214028	0.829155781094	21	0
1	10	0	506	0.928853754941	70	51	57.7647058824	0.00944610464699	1.37254901961	0.000311156731543	419	0	0	0	0	0	470	6.26808510638	0.00102500284467	89.1961148762	0.840734010786	21	0
1	11	0	1690	0.901775147929	267	196	48.7040816327	0.00943361402913	1.36224489796	0.000349315181796	1328	0	0	0	0	0	1524	6.26377952756	0.00121324694863	86.0835982508	0.857341684455	21	0
1	12	0	1460	0.905479452055	273	200	50.215	0.00930220180942	1.365	0.000330447696979	1122	0	0	0	0	0	1322	7.59682299546	0.00140729225558	93.2385654495	0.862662400975	21	0
2	1	0	1191	0.910159529807	1508	647	263.860896445	0.229408944224	2.33075734158	0.000498713124192	437	0	0	0	0	0	1084	157.488929889	0.136925818185	102.410203623	0.890132673821	21	0
2	2	0	1641	0.906154783668	2045	854	262.524590164	0.212218469117	2.39461358314	0.000489143745952	633	0	0	0	0	0	1487	150.77067922	0.121879335996	105.854743344	0.877597038054	21	0
2	3	0	3426	0.919731465266	4173	1720	265.047674419	0.232503526194	2.4261627907	0.000511110064851	1431	0	0	0	0	0	3151	144.678514757	0.126914016202	100.378762898	0.883025281577	21	0
2	4	0	3309	0.916893321245	4110	1684	265.819477435	0.236721018564	2.4406175772	0.000520716838429	1350	0	0	0	0	0	3034	147.541199736	0.13139030826	100.292523303	0.882232887219	21	0
2	5	0	7127	0.912585940789	7355	3111	242.209578914	0.228755201209	2.36419157827	0.000517151292312	3393	0	0	0	0	0	6504	115.853936039	0.109418424194	95.8573970302	0.898354978004	21	0
2	6	0	3553	0.91415705038	3469	1513	239.724388632	0.217344468615	2.29279576999	0.000508115207631	1735	0	0	0	0	0	3248	111.669642857	0.101244513859	94.2425879364	0.897839756305	21	0
2	7	0	133	0.887218045113	30	17	373.823529412	0.225880174498	1.76470588235	0.000475044933196	101	0	0	0	0	0	118	53.8559322034	0.0325420590379	76.2564621747	0.847416575141	21	0
2	8	0	157	0.955414012739	18	15	67	0.0912003938129	1.2	0.000388666057067	135	0	0	0	0	0	150	6.7	0.00912003938129	73.4197733102	0.848850809521	21	0
2	9	0	341	0.888563049853	325	117	279.102564103	0.218115683609	2.77777777778	0.000632455912466	186	0	0	0	0	0	303	107.772277228	0.0842228877301	83.0976513729	0.833237437602	21	0
2	10	0	314	0.910828025478	262	103	298.86407767	0.2616403211	2.54368932039	0.000612934790942	183	0	0	0	0	0	286	107.632867133	0.094227108648	83.3148287793	0.822911228928	21	0
2	11	0	2083	0.923667786846	4331	1307	345.381025249	0.277024738224	3.31369548585	0.000756346732795	617	0	0	0	0	0	1924	234.622141372	0.18818676344	97.4537342668	0.816588535076	21	0
2	12	0	2288	0.914335664336	3921	1356	305.610619469	0.250677614128	2.89159292035	0.000687254317886	736	0	0	0	0	0	2092	198.091778203	0.162485107436	98.1555482175	0.821220144287	21	0
3	1	0	1134	0.915343915344	778	420	216.65952381	0.195204982172	1.85238095238	0.000415087179222	618	0	0	0	0	0	1038	87.6657032755	0.0789846748671	98.1203362694	0.887113621474	21	0
3	2	0	1146	0.912739965096	1010	475	232.669473684	0.209447999048	2.12631578947	0.000486345931146	571	0	0	0	0	0	1046	105.657743786	0.0951126190707	98.3665071845	0.876433490983	21	0
3	3	0	2919	0.91538198013	2043	1027	216.436222006	0.202543849307	1.98928919182	0.00044144216474	1645	0	0	0	0	0	2672	83.1886227545	0.0778490019604	98.9767319381	0.866354784192	21	0
3	4	0	3516	0.901592718999	2698	1188	244.06986532	0.208589434786	2.27104377104	0.000475112619818	1982	0	0	0	0	0	3170	91.4684542587	0.078171687232	104.616765445	0.867999744497	21	0
3	5	0	5684	0.914496833216	3563	1726	221.994206257	0.215813647605	2.06431054461	0.000457898518125	3472	0	0	0	0	0	5198	73.713351289	0.0716610919134	94.8749515131	0.881716524691	21	0
3	6	0	6559	0.904863546272	3657	1807	212.114001107	0.201655997522	2.02379634754	0.000427464800314	4128	0	0	0	0	0	5935	64.5812973884	0.0613972009306	97.7877972608	0.874737566247	21	0
3	7	0	177	0.937853107345	30	16	213.5	0.239615946084	1.875	0.000439494908278	150	0	0	0	0	0	166	20.578313253	0.0230955128755	73.3266117574	0.856501535565	21	0
3	8	0	170	0.917647058824	8	5	145.2	0.190190380661	1.6	0.000424860510975	151	0	0	0	0	0	156	4.65384615385	0.00609584553402	70.4715514029	0.861283575018	21	0
3	9	0	498	0.881526104418	374	159	247.767295597	0.196005342255	2.35220125786	0.000514000154742	280	0	0	0	0	0	439	89.7380410023	0.0709905453725	88.7118493439	0.82439499029	21	0
3	10	0	504	0.928571428571	235	116	212.155172414	0.193592248935	2.02586206897	0.000481142275585	352	0	0	0	0	0	468	52.5854700855	0.0479844035822	82.1181353447	0.831999293656	21	0
3	11	0	2444	0.918166939444	3168	1189	274.40117746	0.222179986046	2.66442388562	0.000592175530118	1055	0	0	0	0	0	2244	145.393493761	0.117723709184	98.3600839079	0.823268143787	21	0
3	12	0	2140	0.910280373832	2202	936	232.143162393	0.194048455751	2.35256410256	0.000544691611559	1012	0	0	0	0	0	1948	111.54312115	0.0932388883897	95.7249840985	0.822981655432	21	0
4	1	0	968	0.909090909091	48	32	55.78125	0.0102801729513	1.5	0.00034379965382	848	0	0	0	0	0	880	2.02840909091	0.000373824470958	90.8662873798	0.978755552354	21	0
4	2	0	1095	0.911415525114	87	48	68.1041666667	0.0104160992083	1.8125	0.000416386311372	950	0	0	0	0	0	998	3.2755511022	0.000500974711422	94.7199132939	0.978045695072	21	0
4	3	0	7130	0.914025245442	4711	2413	145.4185661	0.11493789152	1.95234148363	0.000449609167973	4104	0	0	0	0	0	6517	53.8430259322	0.0425571784928	94.3895154674	0.871445233481	21	0
4	4	0	4859	0.910269602799	3095	1513	213.637805684	0.191845878606	2.04560475876	0.000441361873835	2910	0	0	0	0	0	4423	73.0802622654	0.0656257776012	101.144869492	0.883040537955	21	0
4	5	0	8174	0.904208465867	6604	2937	232.924412666	0.215395242213	2.24855294518	0.000473652577754	4454	0	0	0	0	0	7391	92.5583818157	0.0855927244458	98.3110901908	0.869759979489	21	0
4	6	0	8536	0.902764761012	6467	2891	227.753718437	0.2141907638	2.23694223452	0.000480089348586	4815	0	0	0	0	0	7706	85.4445886322	0.0803562805797	96.0921125934	0.868663171885	21	0
4	7	0	131	0.916030534351	15	6	79	0.0134207396752	2.5	0.000534797138243	114	0	0	0	0	0	120	3.95	0.000671036983758	72.3052242221	0.836854694286	21	0
4	8	0	192	0.927083333333	14	4	461.25	0.0518876843676	3.5	0.000397429641453	174	0	0	0	0	0	178	10.3651685393	0.00116601537905	72.6365131876	0.848215166374	21	0
4	9	0	541	0.916820702403	539	208	278.028846154	0.233920818894	2.59134615385	0.000584940736207	288	0	0	0	0	0	496	116.592741935	0.098095827278	85.8676592759	0.817094841234	21	0
4	10	0	543	0.924493554328	495	182	331.423076923	0.248438818744	2.71978021978	0.000574514878691	320	0	0	0	0	0	502	120.157370518	0.0900714442457	84.8534127811	0.820311638019	21	0
4	11	0	2849	0.91926991927	4176	1534	278.483050847	0.245017871717	2.7222946545	0.00063060910756	1085	0	0	0	0	0	2619	163.113020237	0.143511804205	97.3321941606	0.817637787211	21	0
4	12	0	2131	0.91647114031	2548	1028	244.657587549	0.229366059892	2.47859922179	0.000618031771208	925	0	0	0	0	0	1953	128.780337942	0.120731341305	91.243197297	0.81603504201	21	0
5	1	0	1346	0.907132243685	54	34	57.8235294118	0.0083179366114	1.58823529412	0.000367828723564	1187	0	0	0	0	0	1221	1.61015561016	0.000231621494503	91.6140829705	0.963972136048	21	0
5	2	0	1175	0.915744680851	75	47	62.8510638298	0.0101941595834	1.59574468085	0.000366346931959	1029	0	0	0	0	0	1076	2.74535315985	0.000445283922323	92.4020940241	0.962546035395	21	0
5	3	0	2686	0.905063291139	157	96	65.5833333333	0.0098786976947	1.63541666667	0.000382693741509	2335	0	0	0	0	0	2431	2.58988070753	0.000390108999873	91.038594106	0.961988077798	21	0
5	4	0	1902	0.913774973712	90	55	60.8	0.00815388509026	1.63636363636	0.000322952091202	1683	0	0	0	0	0	1738	1.92405063291	0.000258034338299	106.141784548	0.920605024388	21	0
5	5	0	2222	0.927092709271	119	73	62.5068493151	0.0102815208675	1.6301369863	0.000378214534191	1987	0	0	0	0	0	2060	2.21504854369	0.000364345156955	92.1491776956	0.944417790718	21	0
5	6	0	1955	0.918158567775	123	77	65.4675324675	0.0103049901133	1.5974025974	0.000356312626111	1718	0	0	0	0	0	1795	2.80835654596	0.000442052500681	90.977890504	0.938513405985	21	0
5	7	0	234	0.940170940171	6	5	37.4	0.00861616348755	1.2	0.000364689849084	215	0	0	0	0	0	220	0.85	0.000195821897444	69.8644165924	0.870270251997	21	0
5	8	0	145	0.944827586207	5	5	26.2	0.00679464978095	1	0.000411460414762	132	0	0	0	0	0	137	0.956204379562	0.000247979919013	68.0971252245	0.85652110627	21	0
5	9	0	460	0.947826086957	87	67	43.3731343284	0.00804729103713	1.29850746269	0.000331407529682	369	0	0	0	0	0	436	6.66513761468	0.00123662499882	78.316694812	0.819716961352	21	0
5	10	0	302	0.913907284768	32	30	48.1333333333	0.0162536335574	1.06666666667	0.000286780888806	246	0	0	0	0	0	276	5.23188405797	0.00176669929972	79.1939298233	0.854659894669	21	0
5	11	0	1169	0.909324208725	216	146	50.2054794521	0.0096073010484	1.47945205479	0.000388841965927	917	0	0	0	0	0	1063	6.89557855127	0.00131953523336	90.2515349261	0.864552915713	21	0
5	12	0	929	0.910656620022	252	148	61.5135135135	0.0130792653839	1.7027027027	0.000419301597503	698	0	0	0	0	0	846	10.7612293144	0.00228809843595	89.0294867516	0.872217279203	21	0
6	1	0	1019	0.917566241413	1078	425	267.230588235	0.0742252031696	2.53647058824	0.000563461889927	510	0	0	0	0	0	935	121.468449198	0.0337387287134	100.349252584	0.862105194146	21	0
6	2	0	837	0.911589008363	948	410	282.053658537	0.0813373877402	2.31219512195	0.000500109853761	353	0	0	0	0	0	763	151.56225426	0.0437068531763	104.547141699	0.851388639651	21	0
6	3	0	2771	0.907614579574	2444	1094	220.370201097	0.0685236038467	2.23400365631	0.000481096706061	1421	0	0	0	0	0	2515	95.8588469185	0.0298070865242	101.644469939	0.841767057569	21	0
6	4	0	2883	0.916059660076	3062	1229	264.434499593	0.0761981224545	2.49145646867	0.000521227871012	1412	0	0	0	0	0	2641	123.055660735	0.035459103558	105.440127421	0.85978873441	21	0
6	5	0	4786	0.90660259089	3993	1824	229.214364035	0.0728095875551	2.18914473684	0.000484533786955	2515	0	0	0	0	0	4339	96.3556118921	0.0306072108091	97.1881226501	0.877348351209	21	0
6	6	0	3503	0.905224093634	3283	1401	257.791577445	0.0838232586947	2.34332619557	0.000504519431993	1770	0	0	0	0	0	3171	113.896562599	0.0370344955633	99.0795857907	0.87726915462	21	0
6	7	0	178	0.926966292135	10	9	39.4444444444	0.0139437864099	1.11111111111	0.000371243340649	156	0	0	0	0	0	165	2.15151515152	0.00076057016781	68.4291307016	0.874668008623	21	0
6	8	0	222	0.887387387387	14	14	56.5	0.0230753414973	1	0.000333118753458	183	0	0	0	0	0	197	4.0152284264	0.00163987198458	72.5494326081	0.872572516039	21	0
6	9	0	363	0.895316804408	366	128	414	0.100572169125	2.859375	0.000670201586331	197	0	0	0	0	0	325	163.052307692	0.0396099619938	84.5224066907	0.811076669538	21	0
6	10	0	409	0.936430317848	266	119	236.12605042	0.081534568735	2.23529411765	0.000553018148064	264	0	0	0	0	0	383	73.365535248	0.0253331949856	83.8506026907	0.827047407993	21	0
6	11	0	2547	0.901060070671	3140	1178	267.100169779	0.0893857618217	2.66553480475	0.000638757793802	1117	0	0	0	0	0	2295	137.099782135	0.045880796264	95.859641834	0.819804875137	21	0
6	12	0	2908	0.90371389271	3752	1215	273.820576132	0.0741856947909	3.08806584362	0.000680649738345	1413	0	0	0	0	0	2628	126.595129376	0.0342981808108	105.632865281	0.790811525158	21	0
7	1	0	1649	0.910855063675	894	404	215.185643564	0.0596002951187	2.21287128713	0.000484180373401	1098	0	0	0	0	0	1502	57.879494008	0.0160309715233	98.9187866255	0.877953540076	21	0
7	2	0	1208	0.908940397351	749	344	210.319767442	0.0613537552199	2.1773255814	0.000473359733892	754	0	0	0	0	0	1098	65.8925318761	0.0192219415261	99.7030146202	0.855872804537	21	0
7	3	0	3628	0.911521499449	2395	1045	201.91291866	0.0583932244602	2.29186602871	0.000493141892178	2262	0	0	0	0	0	3307	63.803749622	0.0184520470399	99.8350926146	0.854662599541	21	0
7	4	0	3445	0.901596516691	2251	964	225.954356846	0.0630750519635	2.33506224066	0.000469219422579	2142	0	0	0	0	0	3106	70.1287830006	0.0195764166429	106.873003324	0.868500255411	21	0
7	5	0	5019	0.910141462443	2280	1125	197.598222222	0.0610769872402	2.02666666667	0.00044926246959	3443	0	0	0	0	0	4568	48.6641856392	0.0150419462884	95.4697776912	0.874864333467	21	0
7	6	0	4532	0.91372462489	2613	1169	225.104362703	0.0666724179737	2.23524379812	0.000469764165966	2972	0	0	0	0	0	4141	63.5467278435	0.0188215543616	98.3141474303	0.870036624723	21	0
7	7	0	150	0.94	9	8	72.75	0.0330243117371	1.125	0.000264330117716	133	0	0	0	0	0	141	4.12765957447	0.00187371981487	69.9286728979	0.868194584061	21	0
7	8	0	217	0.917050691244	11	10	82.9	0.0456777074585	1.1	0.000338996232313	189	0	0	0	0	0	199	4.16582914573	0.00229536218385	71.0275386084	0.861686548056	21	0
7	9	0	531	0.930320150659	252	126	201.801587302	0.0643179590173	2	0.000497295128818	368	0	0	0	0	0	494	51.471659919	0.0164049854983	78.005970535	0.815755522525	21	0
7	10	0	804	0.916666666667	437	186	283.35483871	0.0676056722736	2.34946236559	0.000476525941204	551	0	0	0	0	0	737	71.5115332429	0.017061947141	84.334125801	0.827344323582	21	0
7	11	0	2243	0.922871154704	2473	988	239.617408907	0.0748306944485	2.50303643725	0.000555905441413	1082	0	0	0	0	0	2070	114.368115942	0.0357162928092	98.3356959923	0.819890300763	21	0
7	12	0	1212	0.922442244224	1074	473	225.985200846	0.0711374786004	2.27061310782	0.000565671256724	645	0	0	0	0	0	1118	95.6091234347	0.0300966255617	88.176465043	0.822243980823	21	0
8	1	0	1278	0.913145539906	54	39	51.4615384615	0.00893564988319	1.38461538462	0.000336899396363	1128	0	0	0	0	0	1167	1.71979434447	0.000298620690184	92.0057614257	0.979719509272	21	0
8	2	0	1301	0.924673328209	113	53	91.6981132075	0.0150003383376	2.1320754717	0.000480967903436	1150	0	0	0	0	0	1203	4.03990024938	0.00066086278628	93.1412398462	0.964944092527	21	0
8	3	0	3490	0.914613180516	3340	1384	251.324421965	0.0764663725867	2.41329479769	0.000536041635598	1808	0	0	0	0	0	3192	108.970238095	0.0331545926253	98.4395836288	0.842385209717	21	0
8	4	0	2835	0.910405643739	1785	839	219.528009535	0.0636489903555	2.12753277712	0.000462253890609	1742	0	0	0	0	0	2581	71.3614877954	0.0206902374693	98.567652927	0.883059542524	21	0
8	5	0	7442	0.907686105886	4834	2155	221.235266821	0.0705795989359	2.24315545244	0.000494459328214	4600	0	0	0	0	0	6755	70.5791265729	0.0225165115776	93.4675290828	0.871180064271	21	0
8	6	0	7033	0.904166074222	3359	1581	216.208096142	0.068010711349	2.12460468058	0.000460232063711	4778	0	0	0	0	0	6359	53.7545211511	0.0169090949273	94.6629697738	0.861843658646	21	0
8	7	0	166	0.927710843373	3	3	14.3333333333	0.00326694423521	1	0.000486228401617	151	0	0	0	0	0	154	0.279220779221	6.36417708157E-05	75.056459104	0.863325711817	21	0
8	8	0	161	0.913043478261	6	4	73.75	0.0156720256773	1.5	0.000563240340853	143	0	0	0	0	0	147	2.00680272109	0.000426449678295	69.4079201479	0.869204384015	21	0
8	9	0	680	0.939705882353	294	111	345.045045045	0.0892477676441	2.64864864865	0.000628323271673	528	0	0	0	0	0	639	59.9374021909	0.0155031333466	74.8202129996	0.829248680377	21	0
8	10	0	612	0.916666666667	307	141	232.744680851	0.0700907481071	2.17730496454	0.000563333098992	420	0	0	0	0	0	561	58.4973262032	0.0176163912355	78.5235111659	0.820330974138	21	0
8	11	0	1577	0.909321496512	1716	680	245.95	0.074625667829	2.52352941176	0.000631646283246	754	0	0	0	0	0	1434	116.629009763	0.0353873459719	89.4927589655	0.809859181654	21	0
8	12	0	919	0.936887921654	451	238	141.394957983	0.0426634826867	1.89495798319	0.000502658900373	623	0	0	0	0	0	861	39.0847851336	0.0117931578158	81.8985399241	0.818090262915	21	0
